0 4 1 5 0 0 1 13 2 16 3 3 0 1 0 0 0 19 4 3 2 1 12 1 2 1 4 28 3 5 1 16 6 0 0 1 2 0 5 1 7 0 0 5 0 0 0 0 8 2 14 14 1 2 3 0 0 1 0 0 0 18 1 0 3 23 0 11 13 0 0 2 2 0 0 1 2 11 0 3 0 0 5 0 19 19 0 0 16 2 11 1 3 0 0 3 0 7 21 6 3 2 0 5 1 0 0 4 0 0 30 4 1 1 0 1 12 1 3 5 2 2 6 2 0 6 10 2 1 0 30 0 0 11 9 0 0 0 0 0 2 0 0 0 1 0 2 14 16 0 27 5 3 14 0 6 39 9 0 0 28 19 0 0 11 1 13 0 2 9 0 1 4 0 3 0 0 0 1 0 22 5 0 15 2 0 0 12 1 13 0 4 0 6 2 2 3 0 0 0
0 6 0 0 1 0 2 10 5 0 20 12 0 0 0 1 0 11 1 2 13 0 0 1 0 3 0 20 2 13 0 0 4 0 0 6 4 1 0 1 3 0 0 2 6 1 12 13 7 7 2 7 0 2 2 17 0 0 0 6 6 2 0 0 12 5 0 0 9 8 3 11 1 5 1 0 0 8 2 3 0 4 4 0 2 4 1 0 0 0 26 8 4 0 0 5 0 6 0 1 0 21 0 1 0 0 0 11 0 0 3 0 0 0 0 0 5 0 3 4 0 13 1 7 20 18 1 2 0 1 14 0 2 3 7 0 16 0 1 1 1 0 0 0 8 1 3 43 11 1 4 2 5 2 18 12 1 13 0 0 4 6 4 0 0 0 4 0 0 1 1 1 0 0 6 2 1 1 5 0 1 4 0 18 0 0 0 15 14 19 1 2 0 0 0 0 18 0 11 11
0 3 3 3 0 0 4 19 11 14 2 6 0 6 1 1 0 1 1 8 0 0 4 0 0 9 0 2 2 1 0 5 3 0 0 5 1 0 0 0 8 3 0 1 0 1 10 0 24 3 0 14 0 0 5 5 0 1 1 6 7 3 0 1 0 8 0 0 4 0 0 13 6 27 1 1 5 8 0 4 0 2 28 0 1 7 0 0 2 0 0 1 2 0 0 6 0 11 10 6 6 2 0 5 0 1 1 0 2 0 5 19 0 4 0 4 26 0 14 22 1 4 1 19 5 1 5 1 2 0 20 2 0 0 3 1 21 0 11 0 19 1 1 0 8 0 8 1 6 0 1 5 2 0 5 2 9 1 0 0 14 5 14 0 12 0 31 0 8 5 0 0 8 0 3 1 1 5 1 1 1 2 0 4 3 0 2 1 2 7 0 1 0 4 0 2 7 1 1 3
1 1 1 3 0 2 3 6 10 19 3 1 2 3 0 0 3 28 3 0 9 1 14 0 0 3 12 0 1 3 0 16 1 1 0 1 2 1 0 0 0 0 0 4 0 0 2 10 15 13 4 0 0 0 4 0 1 15 0 4 8 6 1 0 2 0 0 1 3 3 1 3 1 10 1 4 5 8 10 9 1 3 1 0 4 6 6 0 0 0 23 3 1 2 0 17 1 2 7 5 5 3 0 7 0 1 2 3 1 0 0 3 0 7 0 30 3 0 3 6 0 0 16 1 6 11 3 7 14 0 8 0 0 11 19 0 0 1 1 0 20 0 1 0 1 1 0 3 16 1 11 0 7 1 0 14 9 14 4 0 14 3 4 1 0 0 9 0 3 29 8 0 6 0 0 5 7 2 1 2 0 4 0 15 1 0 0 8 4 2 2 7 0 0 0 0 11 0 0 1
0 1 10 1 0 0 5 0 0 18 0 0 0 0 1 1 0 30 1 1 31 1 17 0 1 1 2 3 10 1 0 10 0 0 0 5 4 0 1 3 0 4 1 12 0 0 11 14 3 0 0 10 3 0 0 5 0 0 0 0 1 2 2 1 0 5 0 3 6 4 7 3 0 9 0 8 7 14 5 3 1 3 1 1 22 2 0 1 0 0 11 0 0 1 1 4 1 0 2 16 7 4 0 7 7 0 0 7 1 0 4 1 5 0 0 2 8 0 11 5 2 1 0 14 2 3 2 1 6 0 10 1 1 0 25 0 2 1 3 0 5 0 0 1 10 0 0 2 6 0 4 3 15 9 1 1 9 5 7 0 9 0 0 2 0 0 5 0 4 10 1 0 0 0 0 0 2 1 11 0 3 9 0 2 1 0 0 4 6 0 0 2 0 3 4 0 14 0 0 4
0 5 12 4 0 3 4 2 29 9 2 6 3 0 1 0 1 0 7 5 0 0 0 0 0 7 6 8 7 0 0 3 6 0 0 0 0 0 0 7 3 0 1 7 3 0 6 10 5 5 29 28 0 0 2 2 0 4 0 1 6 8 0 0 5 0 1 1 2 11 3 0 2 7 1 2 2 18 1 2 0 5 1 0 21 0 0 1 3 0 20 2 6 5 1 4 0 14 2 0 1 10 0 0 0 0 1 2 0 0 22 6 1 12 0 8 10 1 6 14 6 1 4 4 8 1 3 10 4 1 1 0 0 4 6 0 9 0 9 0 13 2 0 0 13 0 10 4 0 0 0 4 1 8 1 4 2 5 14 1 15 2 4 1 0 0 17 0 1 8 5 0 7 0 25 2 4 3 4 0 0 9 0 3 4 0 0 15 3 5 0 6 0 5 0 0 10 0 0 1
0 3 2 22 0 1 1 3 1 5 0 0 0 2 0 3 17 8 2 2 3 1 15 0 0 2 9 0 1 3 0 1 1 0 0 1 8 0 0 0 0 1 0 3 0 0 2 0 41 4 4 13 0 0 2 5 0 0 0 8 0 9 1 1 2 0 0 0 0 5 5 1 2 15 1 0 0 18 2 5 0 0 1 0 1 1 0 0 1 0 9 2 7 2 0 1 0 2 11 3 14 11 1 1 11 0 2 5 1 2 12 7 0 3 0 9 6 0 0 5 3 1 3 58 1 9 3 7 8 7 2 0 0 0 3 1 21 0 8 0 0 0 0 0 2 0 3 1 5 1 6 5 3 4 0 1 10 0 0 3 1 0 11 0 5 0 1 0 0 2 1 0 0 0 6 0 1 5 1 2 0 0 0 5 10 0 1 0 16 5 0 14 1 1 0 0 4 2 0 5
0 0 8 7 1 1 5 4 0 14 8 0 1 0 0 0 8 16 3 5 4 0 14 0 0 4 1 2 1 0 0 2 16 0 0 14 7 0 0 17 0 1 0 4 5 1 1 4 3 6 1 4 0 0 13 10 1 1 0 7 5 1 0 1 4 1 0 0 1 0 3 4 10 10 0 9 16 0 6 5 1 5 2 1 10 0 0 0 8 0 8 1 3 0 0 2 1 3 9 1 6 6 0 0 1 0 0 9 0 0 8 12 4 30 0 2 6 0 3 10 12 1 5 1 1 1 11 2 25 0 3 0 0 2 15 0 3 0 9 0 0 0 0 0 0 2 7 12 6 1 0 1 4 9 1 5 3 0 12 0 3 8 0 0 4 0 18 1 2 3 13 0 4 0 22 9 0 3 7 0 5 1 0 0 13 0 0 9 0 12 0 9 0 3 0 5 6 1 0 3
1 0 0 12 0 1 1 6 6 4 21 0 0 1 0 0 12 3 0 1 18 0 0 0 0 2 8 5 5 7 0 1 2 0 0 3 7 0 2 16 0 0 0 0 2 0 5 5 1 2 27 3 0 0 0 7 0 1 0 1 5 1 0 0 13 9 0 3 1 5 6 4 3 1 0 0 0 8 10 0 2 0 2 0 4 2 0 0 1 2 0 4 5 1 0 6 1 2 5 2 10 17 0 2 1 0 0 5 0 1 12 0 1 4 0 17 1 0 9 8 3 1 0 9 1 2 7 5 3 0 1 0 0 0 6 2 26 0 25 0 4 0 0 1 0 0 2 18 12 0 1 4 0 9 13 1 9 7 1 0 13 1 10 0 5 0 4 1 4 4 8 0 5 0 10 11 2 0 1 1 5 1 9 5 0 0 0 10 5 5 0 0 0 0 1 1 8 1 0 10
0 2 7 7 0 0 1 5 5 1 0 0 0 11 0 2 0 15 1 4 1 0 23 0 1 0 1 1 5 0 0 5 5 0 0 2 0 0 0 1 5 0 0 1 4 0 2 2 5 6 24 6 0 1 8 4 0 1 1 3 10 0 0 0 1 7 0 9 3 2 5 8 1 5 0 1 12 28 10 3 0 4 2 0 2 0 0 0 8 0 29 6 2 0 1 6 0 3 3 2 11 11 4 5 1 0 0 6 0 2 8 4 7 0 0 2 0 0 1 19 2 0 3 13 0 5 5 1 23 4 1 0 0 1 0 0 2 11 2 0 21 0 0 0 20 0 14 0 2 0 0 6 11 11 6 2 4 10 12 0 22 0 9 1 0 0 6 0 0 21 4 0 14 0 13 6 13 7 4 1 14 3 0 3 2 0 1 16 0 8 2 3 1 5 0 1 5 0 0 6
0 2 14 5 0 0 0 7 7 0 4 2 0 2 0 3 4 8 3 0 3 0 0 0 0 1 15 0 0 3 0 0 0 0 0 8 0 0 2 4 9 0 0 24 0 0 6 2 2 15 26 2 0 0 7 3 0 0 0 23 0 1 0 0 0 1 0 0 5 4 6 2 1 2 0 6 0 3 3 11 0 0 5 0 4 20 0 0 5 0 13 5 6 1 1 4 0 9 12 0 19 7 1 0 2 0 0 0 1 0 1 0 0 1 0 16 0 0 0 3 3 21 2 25 1 1 4 13 7 3 3 0 1 4 10 0 0 0 1 0 0 0 0 0 6 0 3 3 0 0 5 3 4 0 2 2 3 6 10 0 5 0 7 1 1 0 45 0 1 1 9 1 0 0 20 0 12 9 2 0 16 3 1 10 2 0 0 7 8 13 0 7 0 14 5 0 7 0 0 0
0 1 0 2 0 0 6 1 0 0 11 8 0 4 0 0 0 2 0 12 3 2 0 1 0 2 15 7 8 18 0 1 1 1 3 13 4 0 0 8 4 2 0 0 4 0 3 10 3 22 6 18 3 0 8 1 0 0 0 2 2 2 0 0 3 16 1 3 0 0 10 6 2 2 0 2 3 10 0 5 0 0 2 0 0 8 0 0 1 0 4 2 0 6 1 3 0 2 0 0 0 1 0 0 1 1 0 2 0 0 19 1 2 0 0 0 5 0 0 19 4 4 2 4 7 18 0 16 23 0 4 0 1 4 12 0 2 0 8 1 19 0 1 0 0 1 20 2 14 1 6 3 0 7 0 7 21 4 1 0 12 2 0 0 3 0 3 0 2 4 0 0 0 3 1 10 3 11 5 0 10 7 0 8 2 0 1 21 12 9 0 2 0 19 10 1 17 0 0 3
0 8 4 9 2 0 0 6 17 2 1 6 1 2 0 0 1 6 4 2 6 1 9 1 0 1 2 8 5 2 0 1 2 0 0 1 7 1 0 2 0 0 0 8 3 0 2 0 0 4 17 5 1 0 0 13 0 0 0 1 2 2 0 1 1 12 1 0 2 5 1 4 0 3 0 6 6 3 4 0 0 16 2 0 24 4 1 0 1 0 18 0 10 2 0 4 1 27 3 22 22 0 0 1 4 0 1 8 1 0 11 2 3 3 1 6 8 0 3 4 4 6 5 9 0 14 2 0 4 0 15 0 0 10 16 0 18 0 5 0 14 0 1 0 3 1 5 9 36 0 1 5 15 13 4 0 11 14 5 0 1 2 4 0 3 0 3 0 0 22 1 1 0 0 1 6 2 9 3 0 4 16 0 10 1 0 4 4 1 5 0 11 0 0 0 0 4 1 0 11
1 1 1 2 0 2 1 0 1 3 1 4 0 5 0 0 0 4 1 2 1 0 9 0 0 0 13 6 4 5 2 21 2 0 0 6 3 2 0 0 1 0 1 10 1 0 2 0 2 0 5 4 0 7 20 0 0 9 0 2 3 5 0 0 0 24 1 2 3 3 2 8 5 29 0 0 1 10 0 0 2 8 17 0 24 0 0 0 5 0 31 25 1 5 1 4 0 0 17 13 11 15 0 5 1 0 0 32 0 0 0 23 9 0 2 20 1 0 12 1 10 0 5 5 4 10 7 27 10 0 6 0 0 11 22 0 17 2 1 3 0 0 0 0 17 0 16 3 0 0 9 2 6 6 6 8 3 5 4 0 3 12 10 0 0 0 9 0 3 1 0 1 0 0 10 0 2 8 0 0 6 1 1 3 5 0 0 0 3 0 0 1 0 18 0 0 4 0 0 23
1 3 5 11 0 2 1 0 4 4 1 1 0 14 0 0 4 3 0 2 1 0 0 0 1 9 5 1 5 9 0 8 4 0 0 15 0 0 1 1 1 0 0 2 0 0 8 9 1 6 25 15 0 0 2 20 0 0 0 3 2 6 1 0 6 12 0 0 3 4 2 5 3 9 0 15 3 0 3 8 3 0 1 1 5 0 2 0 2 0 10 4 2 0 2 0 0 2 4 0 14 25 1 5 11 1 0 1 0 3 10 3 4 0 0 0 5 0 6 2 1 2 2 7 8 4 4 2 3 0 1 0 1 0 0 0 5 0 1 0 11 0 0 0 4 0 7 8 10 1 26 2 4 2 5 21 0 7 5 0 14 4 17 0 2 0 7 1 0 0 3 0 1 1 23 14 7 0 0 2 26 3 0 5 8 0 1 8 0 3 0 1 1 8 0 1 0 2 0 7
1 1 1 5 0 0 3 20 8 0 1 5 0 10 0 0 4 18 3 4 16 0 0 0 0 7 3 10 0 4 0 6 2 0 1 13 1 0 0 20 6 0 0 3 5 0 4 21 0 6 1 8 0 1 8 12 1 3 0 0 6 1 0 0 5 4 0 1 4 2 6 1 1 0 0 3 3 4 0 0 0 1 0 0 3 0 0 0 6 1 9 0 1 0 0 6 0 3 0 0 14 9 0 9 0 3 0 2 0 0 24 8 7 5 0 1 2 1 0 3 15 2 4 7 0 5 6 14 4 0 2 2 0 5 1 0 9 2 4 1 9 0 0 0 23 0 4 1 12 0 1 2 0 10 1 6 0 2 3 0 12 1 8 1 9 1 12 0 0 16 1 0 5 0 5 4 15 1 1 0 0 6 0 7 0 0 0 4 0 2 1 0 0 2 0 0 5 1 0 0
0 12 2 19 0 5 4 2 2 4 3 9 0 1 0 2 10 7 3 0 5 0 8 0 3 10 14 2 9 11 0 5 12 1 0 8 1 2 2 4 0 0 1 1 1 0 1 16 1 0 7 2 0 2 13 14 0 4 0 1 0 3 1 0 1 10 1 0 1 2 0 5 9 1 0 10 7 6 3 2 0 4 6 1 4 1 1 1 12 3 2 4 5 2 0 15 1 5 5 0 6 10 0 8 6 0 0 5 1 0 17 2 3 11 0 25 16 1 0 3 2 0 4 17 6 1 1 7 1 0 8 0 0 3 3 0 10 0 2 0 2 2 1 0 3 1 12 3 7 0 3 5 3 0 2 2 5 10 3 0 12 3 1 1 4 1 12 0 1 8 0 1 1 0 22 9 1 0 14 0 0 3 0 1 4 2 0 41 9 2 1 4 0 2 0 2 0 1 0 0
0 0 0 7 0 0 1 9 11 3 0 0 0 7 0 2 1 1 2 6 32 0 10 0 0 11 1 15 2 1 0 8 7 0 0 10 15 0 0 0 0 1 3 4 1 0 0 3 22 7 19 9 0 0 1 5 2 8 0 1 4 0 1 2 2 0 1 0 7 3 1 1 6 0 0 0 4 14 0 8 0 1 1 0 0 0 0 0 6 0 5 7 6 1 0 8 3 1 10 3 4 18 1 0 3 0 0 3 1 0 7 3 1 0 0 2 16 0 13 16 0 5 2 23 1 9 1 3 0 0 2 0 0 0 3 0 5 0 4 0 3 0 0 0 5 0 14 4 7 0 0 3 0 14 5 2 1 0 1 0 36 1 6 0 2 1 3 1 2 7 4 1 0 3 5 1 2 8 7 0 0 9 0 1 7 0 0 4 7 2 0 1 0 18 0 0 14 1 0 0
0 6 0 2 0 0 6 10 3 10 0 5 0 6 1 7 7 1 1 6 0 0 17 0 0 1 0 0 7 5 0 20 3 0 1 0 2 0 3 0 1 0 2 0 5 0 0 1 7 4 2 11 1 0 1 18 2 0 0 4 3 0 0 0 0 3 2 10 3 1 9 6 0 7 2 0 1 2 7 1 1 1 3 0 17 9 3 0 3 0 24 2 7 5 0 0 0 1 9 6 3 24 0 6 1 0 0 5 0 1 7 8 0 1 0 2 2 0 1 12 1 4 1 0 0 12 1 0 12 0 9 1 0 3 7 0 7 1 4 2 1 0 0 6 1 0 0 0 20 1 0 1 2 19 1 0 3 4 2 0 4 5 54 0 2 0 0 0 8 10 4 1 0 0 1 7 9 0 3 1 8 6 0 0 1 0 0 5 14 3 2 2 0 1 0 0 9 0 0 2
1 0 3 3 2 0 1 5 0 10 5 0 2 1 0 0 8 4 0 7 3 0 4 0 1 8 0 0 3 12 0 0 7 1 0 1 0 1 0 1 0 1 0 15 4 0 14 21 17 4 13 12 0 1 2 8 0 11 0 2 4 9 1 1 3 0 0 0 1 0 0 1 1 9 0 11 1 5 2 1 0 9 1 0 1 2 0 0 1 1 5 1 0 10 3 5 0 5 13 1 0 0 2 0 5 0 0 5 0 0 13 1 3 1 0 7 6 1 0 2 8 2 9 13 7 8 4 0 18 0 8 0 0 4 2 0 8 0 0 1 46 0 0 0 10 3 4 8 0 1 0 0 8 6 2 9 1 3 0 1 9 1 3 0 4 0 29 0 13 13 6 2 18 0 3 0 4 2 12 0 5 0 1 8 0 0 3 5 3 3 0 4 0 14 0 1 1 0 0 0
0 1 7 8 0 4 3 10 2 3 1 3 1 0 1 1 7 3 1 9 1 0 1 0 1 0 13 13 6 2 0 8 19 1 1 14 1 1 0 1 4 0 2 5 1 0 5 4 8 3 3 2 0 0 7 6 0 5 0 2 3 9 1 0 0 5 0 4 9 0 3 10 3 13 0 4 7 0 0 1 0 4 2 1 6 16 0 2 0 0 2 6 10 11 0 2 0 11 0 1 13 1 0 1 2 1 1 2 1 3 19 15 1 14 0 10 0 0 0 2 1 0 3 2 0 1 2 8 2 0 2 0 1 1 2 0 0 0 4 1 12 0 2 2 1 0 6 6 5 0 17 2 4 5 8 3 0 2 0 1 1 2 0 0 6 2 2 0 14 4 2 0 0 0 3 5 7 2 1 0 10 1 0 12 6 0 0 7 4 0 0 3 1 0 0 0 29 1 0 6
0 8 0 6 0 1 0 8 15 1 2 7 1 5 0 2 8 7 9 7 11 1 0 0 0 7 0 0 7 4 1 6 7 1 0 18 4 1 0 1 0 0 0 6 6 3 0 2 5 3 11 19 1 0 7 23 0 3 0 0 6 8 0 1 12 5 2 1 10 4 0 13 16 5 0 7 3 6 1 3 0 12 5 0 7 8 0 1 6 3 14 8 1 1 1 8 0 2 6 2 0 10 0 1 3 0 0 1 1 1 12 14 5 5 0 3 11 0 0 8 1 5 0 5 9 15 2 18 14 0 15 0 0 8 2 0 7 0 1 0 1 0 0 0 26 1 1 5 10 0 10 0 17 2 6 1 8 4 15 0 15 12 2 0 1 1 5 0 13 1 1 1 1 0 5 11 4 3 3 0 3 2 0 12 1 0 2 9 2 1 1 10 0 4 0 0 0 0 2 17
1 12 2 0 0 0 2 5 0 0 2 2 0 12 1 0 4 35 0 0 4 2 8 1 0 3 4 0 17 0 0 0 0 0 0 4 2 0 1 2 0 0 0 6 7 1 0 1 0 0 16 3 9 1 30 4 0 5 0 0 0 2 0 1 2 0 0 7 5 6 1 4 7 0 0 6 16 10 33 5 0 3 1 0 58 8 1 2 5 0 3 5 2 9 0 11 0 5 4 3 9 13 0 11 6 0 0 0 0 1 5 13 8 3 0 1 9 0 5 16 0 3 4 8 1 27 2 5 1 0 7 1 1 2 8 0 1 1 1 0 2 0 1 1 12 0 7 2 0 1 0 10 1 10 0 10 11 14 3 0 12 12 1 1 1 2 5 0 6 6 1 0 0 1 32 3 0 2 4 0 9 2 2 11 2 0 0 9 1 2 1 2 0 1 1 1 1 0 0 12
0 7 1 6 2 0 3 7 2 16 0 4 1 10 0 0 4 9 0 0 10 0 1 1 0 0 0 6 0 1 0 9 8 0 0 14 7 1 0 4 4 0 1 2 1 0 3 1 4 20 0 6 1 0 6 14 1 1 0 0 2 2 0 0 1 8 0 2 19 1 7 7 0 8 0 1 1 3 1 0 0 0 20 0 4 1 0 0 7 0 8 8 10 0 1 5 1 5 1 1 0 3 0 7 2 0 4 5 1 0 0 7 15 17 0 6 8 0 0 14 5 4 2 2 9 5 7 3 36 0 14 2 1 21 9 2 10 0 3 0 3 0 1 0 10 1 0 3 5 0 5 3 13 3 0 4 3 1 9 0 1 15 5 0 10 0 2 0 0 8 17 1 6 0 3 0 22 8 1 0 15 0 0 20 8 4 0 2 8 20 1 2 0 1 0 0 0 0 1 4
2 2 7 3 0 0 3 18 6 1 0 4 1 0 0 1 4 1 6 9 32 1 0 0 0 2 10 31 7 2 0 15 1 3 0 15 5 3 0 12 0 0 0 8 0 0 2 10 2 27 17 9 0 0 3 1 3 3 1 4 3 1 2 0 6 15 1 2 1 4 1 3 4 4 0 1 1 3 0 0 0 2 1 0 0 0 1 1 2 0 1 2 0 5 0 1 1 0 0 1 2 46 0 0 8 0 0 1 4 1 3 3 2 3 0 0 6 0 3 21 1 11 11 16 1 0 1 2 6 0 1 0 0 3 8 0 0 1 2 1 12 0 0 1 7 1 8 6 0 1 10 2 7 8 1 0 6 3 1 0 9 27 2 0 5 0 22 0 3 3 0 0 4 0 37 1 0 1 3 1 16 7 0 5 0 0 0 31 7 12 0 6 0 5 0 1 6 0 1 0
0 0 1 0 0 0 6 3 18 2 2 1 0 16 0 2 0 0 1 0 8 0 12 0 0 4 1 1 2 1 0 8 0 0 0 0 2 1 0 3 3 0 1 22 0 1 15 7 4 10 16 11 0 0 0 3 2 0 4 3 0 1 0 1 3 2 0 2 1 1 2 0 2 1 0 1 1 12 13 0 0 2 4 0 6 3 0 3 1 0 1 3 3 7 0 5 0 2 1 4 8 5 0 3 4 2 0 0 0 0 9 2 2 4 0 5 14 1 1 11 17 8 16 16 11 15 7 1 6 1 7 0 2 0 2 0 0 0 3 0 0 0 0 0 0 0 0 15 0 0 7 0 1 1 2 7 0 18 4 0 2 2 5 0 6 0 0 1 3 17 1 0 3 1 1 2 1 3 17 1 11 0 0 47 2 0 1 11 13 10 1 0 1 3 0 0 36 0 1 3
0 1 0 0 0 1 0 3 3 2 1 1 0 3 0 3 9 0 0 5 4 1 3 0 1 10 8 0 0 3 0 0 6 0 1 1 2 0 0 1 0 0 1 2 5 0 1 9 3 4 12 22 0 0 1 0 0 3 0 7 3 4 3 0 5 11 1 9 1 1 14 25 0 6 0 4 5 5 2 1 1 4 3 1 29 0 12 0 8 0 0 15 4 18 1 3 0 1 4 6 3 1 0 0 8 0 0 6 1 1 5 4 0 1 0 8 20 0 0 2 0 3 0 39 8 12 6 1 22 0 0 0 0 13 1 0 12 0 3 0 30 1 0 0 2 0 2 4 6 1 15 0 4 31 1 0 10 4 2 0 7 1 0 0 0 0 4 1 2 4 1 1 0 0 17 2 4 1 0 0 14 4 0 1 0 1 0 4 19 6 1 7 0 5 0 0 12 0 0 3
1 5 2 2 1 0 0 0 0 2 7 1 0 3 0 2 7 6 7 3 11 5 0 0 0 1 3 4 0 12 1 1 0 0 0 4 0 1 0 7 6 0 1 0 0 1 1 12 3 10 6 5 0 0 40 4 0 0 0 1 4 6 1 0 6 11 0 1 3 0 2 1 1 2 0 2 0 5 0 2 0 5 0 0 0 2 0 1 0 0 16 5 0 4 0 1 0 1 5 0 3 10 1 2 5 3 0 1 0 0 9 16 0 2 0 3 7 0 8 35 0 2 1 0 0 2 1 1 1 0 9 1 2 1 0 3 0 1 3 0 1 1 0 0 2 0 1 0 12 1 3 0 0 26 3 0 8 8 0 0 12 11 0 1 1 0 26 0 3 9 3 0 0 1 1 5 0 3 8 0 8 2 1 9 5 2 0 5 1 13 0 2 0 0 1 0 0 0 0 0
0 4 0 22 0 0 9 20 0 0 3 0 0 1 0 0 1 8 0 0 6 5 4 0 2 4 12 15 6 6 0 0 2 0 0 1 6 2 0 0 2 3 0 4 0 0 0 12 3 7 1 0 2 0 21 0 1 11 0 0 18 6 0 0 2 2 0 4 0 0 1 12 20 1 0 0 0 2 0 6 0 1 5 1 0 7 0 0 4 1 4 11 5 20 0 5 0 3 6 1 1 0 0 0 4 0 0 1 0 0 8 39 0 7 1 2 8 2 2 13 2 7 0 5 1 10 8 9 5 3 4 1 1 1 0 0 0 0 14 0 11 0 0 0 6 0 0 5 37 0 10 10 33 1 3 7 0 2 7 3 6 1 12 0 1 0 2 0 2 7 0 0 1 1 23 8 2 3 1 2 2 1 1 0 1 0 2 12 18 3 0 0 0 2 0 0 3 1 15 0
3 6 0 5 0 1 0 9 23 0 1 0 0 7 0 0 7 2 3 1 2 0 5 0 0 2 18 0 5 0 0 0 1 1 0 5 11 0 0 1 0 2 3 0 2 0 5 1 0 8 7 7 0 0 0 6 0 2 0 1 6 1 0 1 1 5 0 1 5 2 5 6 0 14 2 0 15 30 1 2 0 4 8 0 4 2 0 2 3 0 8 9 0 0 0 29 1 1 1 5 16 13 13 8 5 1 0 2 0 0 13 0 8 1 0 0 8 0 0 8 4 4 9 1 2 3 0 3 10 1 0 0 0 0 21 1 5 0 0 0 4 0 0 0 12 0 1 20 2 1 4 2 9 4 2 4 24 11 2 0 1 3 8 4 4 0 4 0 16 6 0 1 1 0 2 2 0 0 0 0 6 2 2 0 3 0 1 16 20 9 0 4 0 0 2 1 1 1 1 1
1 12 4 2 0 1 1 4 11 2 26 18 0 0 1 0 1 10 0 2 2 0 8 2 0 0 13 2 6 3 3 1 4 0 1 2 1 0 0 3 3 0 0 8 7 0 5 3 9 11 1 10 0 1 0 3 0 1 0 5 4 3 0 0 3 4 0 1 0 5 1 0 0 4 0 24 3 1 2 3 0 3 0 0 7 7 0 1 3 0 2 2 0 3 1 17 1 1 0 3 4 3 0 11 6 0 0 6 1 0 6 4 4 0 0 13 18 0 0 8 0 3 5 3 8 2 17 23 6 1 3 0 1 0 1 0 21 0 1 0 10 1 0 2 9 0 0 48 19 4 4 0 4 6 6 2 3 10 0 0 25 7 3 0 9 0 5 0 0 2 4 0 7 1 4 1 4 15 3 0 5 1 0 5 3 0 3 0 1 3 0 1 0 1 1 0 5 0 0 4
2 3 1 15 0 0 11 6 9 8 1 3 1 6 0 0 4 1 1 3 3 0 1 0 1 1 12 2 6 7 1 3 4 0 0 17 1 0 0 3 1 0 2 2 2 0 1 4 2 0 12 1 0 0 19 11 0 2 0 0 1 11 0 0 6 9 0 9 1 2 6 0 1 5 0 5 0 5 0 4 1 6 1 0 13 0 1 1 1 0 9 7 1 1 1 6 1 2 2 2 6 2 0 32 3 0 0 9 0 0 13 7 2 11 0 3 9 0 0 6 8 1 0 6 1 3 4 3 17 0 18 2 1 3 6 1 21 0 2 0 10 1 1 0 5 0 5 12 3 0 0 5 13 0 0 3 2 6 1 0 8 4 14 0 0 0 0 0 6 3 0 0 6 0 8 13 0 3 4 1 3 25 0 5 2 2 1 12 0 2 0 2 0 5 1 0 8 0 1 8
1 4 4 24 0 0 6 0 12 4 12 0 0 10 0 0 0 1 16 4 0 0 0 0 1 2 8 14 0 5 0 0 1 1 0 1 8 0 0 3 8 2 0 5 0 0 5 19 19 7 9 15 2 0 4 12 0 12 4 6 17 3 0 1 3 8 0 0 8 2 0 0 1 7 0 3 2 11 7 7 0 2 2 0 9 1 2 0 2 0 8 9 4 0 0 4 0 0 5 0 0 18 0 7 0 0 0 8 0 0 1 7 0 1 0 8 10 1 7 1 0 1 7 2 2 0 1 0 4 2 37 0 0 7 3 0 13 0 2 1 3 1 0 0 20 0 4 22 3 0 0 16 7 18 3 1 5 0 0 0 0 2 0 0 14 1 0 0 3 1 0 0 6 0 12 8 6 0 10 0 5 1 0 0 1 0 0 8 2 3 2 4 2 2 14 0 6 0 0 1
0 1 10 11 0 0 4 8 0 2 3 0 0 9 0 0 2 10 6 1 6 0 5 0 1 5 0 7 5 2 2 0 2 1 1 0 3 0 0 5 25 0 0 4 1 2 20 3 26 1 3 4 1 2 9 20 0 2 0 2 1 2 0 1 6 3 0 0 2 4 6 3 0 1 0 6 17 3 4 1 1 6 0 0 0 0 0 1 0 0 9 11 0 4 0 1 0 3 5 3 2 9 0 0 9 0 1 1 0 2 2 19 1 4 2 4 0 0 8 5 11 4 1 5 0 2 20 2 0 0 4 0 5 11 2 4 2 1 4 0 8 0 1 0 11 1 2 0 4 0 0 0 11 0 1 0 13 7 0 0 10 8 0 0 2 0 3 0 0 7 1 0 5 1 12 5 6 3 2 0 15 0 2 3 3 0 0 7 5 8 0 2 3 4 1 0 1 0 0 4
0 6 2 5 1 0 0 20 3 0 2 0 3 0 0 2 1 32 0 0 5 0 5 0 0 1 7 3 4 7 2 12 5 0 0 1 5 0 0 1 2 1 0 12 0 1 7 3 2 2 25 2 1 5 2 0 0 9 0 0 5 0 1 0 6 11 0 0 9 0 9 2 2 3 0 12 15 3 4 3 0 4 4 0 0 1 0 0 6 1 1 10 3 0 0 3 0 4 12 3 0 18 0 0 2 0 0 12 2 0 6 4 1 3 0 8 12 0 5 0 2 1 9 1 12 23 0 5 20 0 13 1 0 0 0 0 15 0 0 0 8 0 4 0 2 2 0 8 10 0 2 12 31 1 5 2 0 2 5 0 2 5 8 0 5 2 12 0 2 6 1 4 2 0 6 9 3 46 2 0 11 5 0 19 7 0 0 23 22 14 1 3 2 0 1 0 4 1 0 5
1 0 1 4 2 0 8 10 10 3 15 0 0 1 0 1 2 9 10 7 2 0 25 0 0 8 3 2 2 5 0 2 0 0 0 1 2 1 0 0 2 0 3 8 0 0 0 0 1 14 3 2 6 0 8 6 6 8 0 18 0 3 0 0 5 23 0 7 11 2 1 0 1 0 0 2 0 7 0 4 0 2 2 1 3 1 0 0 0 1 10 1 4 0 3 15 0 12 5 0 14 19 1 8 0 0 1 4 0 1 8 10 7 4 0 25 9 1 13 5 3 4 5 11 3 24 6 13 4 0 9 1 1 12 1 0 11 0 6 1 19 0 0 2 3 0 1 6 7 0 14 1 3 2 0 12 15 38 6 0 1 2 7 1 3 0 7 0 2 20 0 0 0 0 11 1 0 5 3 0 4 4 0 8 0 0 1 1 4 3 0 3 0 0 12 0 13 1 0 6
0 5 7 6 0 0 2 14 2 8 1 1 0 0 0 0 0 7 0 0 0 0 2 0 0 4 33 1 1 1 2 8 10 0 0 8 12 0 0 6 1 0 0 2 30 10 1 10 1 4 16 1 0 0 9 31 0 1 0 7 7 21 0 1 4 0 1 2 2 4 0 0 5 3 0 3 3 0 1 4 0 2 11 0 1 3 0 1 1 0 0 1 1 0 0 7 0 8 4 4 9 7 0 0 5 0 0 1 1 1 17 0 4 4 1 11 2 0 3 42 8 3 5 15 5 19 11 0 5 0 0 0 1 7 0 0 22 0 9 0 2 0 0 1 19 1 13 5 8 1 0 6 3 4 1 1 7 4 1 0 1 7 2 0 14 0 30 1 1 18 2 2 1 1 1 1 1 12 0 0 8 3 1 1 0 0 0 1 3 2 0 3 1 6 0 0 4 0 2 8
0 0 6 0 0 0 4 21 14 5 2 3 0 11 0 4 0 6 4 0 4 1 32 1 1 3 18 4 5 1 0 18 9 0 0 14 11 0 1 4 3 0 0 16 1 0 0 7 2 4 5 5 1 0 0 27 0 0 0 2 9 1 0 0 2 2 0 2 2 1 6 3 8 25 0 0 2 0 6 1 0 5 7 0 0 4 3 1 0 0 1 3 6 0 0 14 0 3 0 2 1 15 0 2 2 0 0 4 1 0 3 0 14 3 0 1 1 1 0 0 7 3 1 12 3 16 2 9 11 0 22 0 0 6 6 0 3 0 7 0 1 0 1 0 12 0 4 5 28 1 3 6 4 5 5 2 0 16 4 0 4 0 8 0 5 0 1 0 8 2 7 0 2 0 2 2 2 2 2 0 0 3 0 16 22 0 1 4 1 3 1 4 0 1 0 1 21 0 0 0
0 3 2 0 0 6 12 2 6 0 0 6 0 3 0 2 11 0 5 6 3 0 0 0 0 5 4 2 2 0 1 8 0 2 1 0 3 2 1 0 0 1 0 1 0 1 5 4 12 6 10 2 0 0 1 4 0 0 0 0 0 8 1 0 4 2 0 0 3 7 0 26 6 11 0 0 5 1 11 18 1 0 10 2 7 6 0 0 4 0 18 4 3 0 0 7 0 4 19 14 2 1 1 2 6 0 0 11 0 1 11 1 0 1 1 1 0 2 0 12 1 9 0 3 0 2 5 10 0 0 10 0 1 0 5 0 5 1 3 1 2 0 0 0 6 0 0 17 3 1 2 0 0 1 2 6 0 0 2 0 0 5 3 0 8 1 17 0 3 5 3 0 2 2 2 0 13 2 2 0 13 3 0 13 12 0 0 19 7 0 2 0 1 4 0 0 3 0 0 1
0 5 0 0 0 1 10 14 4 1 4 2 1 8 0 2 20 13 2 2 4 0 3 0 0 1 0 4 1 6 0 3 0 0 1 6 1 0 0 2 5 4 0 0 17 0 3 4 1 34 5 5 0 0 5 4 1 1 1 6 4 4 0 1 3 0 0 6 3 1 2 2 0 1 0 2 11 10 8 1 0 4 8 1 7 10 0 0 2 1 0 5 1 2 1 27 0 2 0 20 4 7 0 10 10 0 0 0 0 0 0 6 11 4 0 1 8 0 5 12 4 8 4 7 0 1 4 17 0 0 20 0 1 16 6 0 2 1 3 0 11 4 0 1 4 0 18 16 0 0 1 1 3 4 0 0 5 25 0 0 7 0 3 0 8 1 2 0 1 10 2 0 2 0 14 4 1 10 0 0 3 2 0 14 10 0 0 1 10 8 1 3 1 5 1 0 11 1 1 4
0 2 0 9 0 0 6 3 3 0 0 6 0 7 0 2 3 4 5 2 24 0 1 0 0 0 6 7 1 4 0 3 17 0 0 2 0 0 0 1 4 0 2 0 10 0 19 0 0 1 9 8 0 0 10 8 1 0 2 2 0 0 2 0 1 1 1 7 1 0 0 3 0 1 0 2 9 11 1 4 0 0 8 0 10 2 0 0 0 1 5 0 2 9 0 2 0 2 0 4 12 1 0 2 4 1 1 5 0 0 4 6 7 4 0 7 5 2 2 0 0 1 2 2 10 11 0 13 4 2 1 1 0 9 4 0 0 1 5 0 3 1 1 0 3 0 2 9 4 1 3 3 4 41 3 2 9 13 7 0 2 3 8 0 2 0 7 0 7 11 2 0 1 1 10 5 1 2 4 0 0 14 1 2 4 0 1 1 16 1 0 1 0 23 0 0 1 0 0 2
0 2 0 8 0 0 0 14 15 2 16 4 1 3 0 0 3 1 1 2 2 1 4 1 0 4 13 4 5 2 0 10 5 0 0 6 1 0 0 2 5 2 0 26 5 0 4 31 22 8 5 1 0 0 7 1 0 1 0 6 5 5 0 0 9 3 0 6 13 0 2 2 4 1 1 9 7 0 8 4 0 9 0 0 9 0 0 0 0 0 1 9 10 4 0 0 0 4 19 9 0 1 0 10 1 0 1 0 1 0 1 4 8 17 1 35 9 0 9 27 4 8 3 2 2 8 2 3 1 0 4 0 0 0 10 0 10 1 12 0 17 5 0 0 23 0 1 7 7 1 4 4 29 4 1 8 17 1 1 0 10 3 10 0 4 1 12 0 8 2 1 0 0 0 4 1 11 22 5 1 3 3 0 23 0 0 0 0 4 47 0 5 0 6 0 0 48 0 0 3
1 0 9 3 0 0 0 9 15 0 16 4 0 4 0 2 1 0 8 7 4 0 1 0 0 4 17 13 3 0 0 3 2 0 0 6 2 0 0 8 5 0 0 5 2 0 8 18 3 3 13 7 0 0 9 3 0 0 0 1 3 0 0 1 5 2 1 0 6 2 8 2 6 5 0 1 4 10 2 1 0 2 1 0 0 1 0 0 14 2 2 1 2 0 0 1 0 4 1 12 5 2 0 0 4 0 1 6 0 0 20 1 9 5 1 9 11 0 0 9 2 2 1 1 2 11 1 15 11 1 15 0 1 11 4 0 9 0 0 0 5 0 1 0 0 0 3 3 15 0 0 2 0 1 17 2 6 5 3 0 0 2 5 0 10 0 4 1 3 9 0 0 1 0 4 1 3 2 9 2 3 0 0 6 0 0 0 42 12 1 0 13 0 3 0 5 4 0 0 0
0 10 7 1 2 2 0 14 9 1 3 6 0 11 0 0 5 4 0 2 1 0 6 0 0 5 14 11 0 3 1 5 11 0 0 16 1 0 1 14 8 0 2 9 1 0 10 3 2 12 0 0 1 1 13 3 2 3 1 1 1 6 1 0 1 0 0 1 0 14 2 1 1 1 0 4 2 9 0 3 0 9 0 0 13 1 0 0 7 0 5 4 22 3 0 5 2 8 2 0 14 11 0 4 6 1 0 0 0 0 0 3 1 1 0 9 10 0 8 1 3 1 6 5 3 6 4 0 2 1 10 2 1 9 2 0 1 0 0 0 4 0 0 12 1 0 12 6 15 0 18 0 2 2 2 0 18 9 6 0 33 1 1 0 3 0 8 0 2 2 3 1 1 0 1 0 2 1 1 0 2 0 0 11 1 2 0 1 0 23 0 3 0 10 4 0 14 0 0 5
2 0 0 2 0 0 1 3 10 7 5 11 0 0 0 1 3 25 0 2 4 0 2 0 1 0 0 7 0 2 0 3 13 0 0 5 4 0 0 1 9 0 4 2 9 1 8 6 7 0 10 11 0 0 9 6 0 1 0 2 4 0 0 0 11 8 0 0 5 15 7 5 5 9 0 5 10 2 9 4 0 1 7 0 20 2 0 0 6 0 13 9 20 2 0 13 0 1 11 0 6 1 0 9 1 0 0 12 1 0 3 17 19 2 0 26 3 0 4 11 7 12 3 5 3 22 2 2 11 0 2 1 1 2 10 2 0 2 0 0 3 1 0 0 0 1 11 10 5 0 3 1 2 9 14 3 16 2 3 0 1 17 8 2 8 3 0 0 3 7 8 0 0 0 4 3 14 0 3 0 2 4 0 1 1 0 1 25 8 35 0 5 0 1 1 0 23 3 3 0
0 18 5 2 0 1 3 8 1 5 3 4 1 2 0 1 5 0 0 1 17 0 11 0 0 8 0 1 11 6 0 7 1 0 2 1 5 0 0 10 1 2 2 5 0 2 14 14 2 11 19 6 0 2 1 15 0 0 0 6 7 3 0 0 0 4 1 0 4 0 5 14 3 18 0 1 3 2 2 3 1 4 0 0 11 2 0 0 3 0 15 6 1 2 1 4 0 1 3 13 6 7 0 0 0 1 0 8 0 0 21 10 4 1 0 7 0 0 1 0 2 7 6 2 2 5 9 0 2 2 4 0 0 4 11 0 4 0 0 0 2 0 0 0 0 3 17 4 5 0 9 7 11 3 8 2 2 4 1 0 9 5 8 1 0 1 0 0 6 0 2 0 0 0 2 1 2 5 14 0 4 0 1 6 3 2 0 27 10 4 0 5 0 2 2 0 4 0 0 0
0 9 0 6 2 7 1 3 15 0 0 1 0 3 0 1 1 2 1 5 3 1 8 9 0 0 8 7 2 3 0 39 2 0 0 1 5 1 0 0 1 0 0 3 0 1 4 2 27 2 4 1 0 0 1 4 0 3 0 3 2 5 0 0 3 0 1 0 0 0 0 3 3 21 0 3 4 15 8 5 0 1 2 2 3 0 1 11 9 0 13 1 2 0 0 9 0 1 0 2 3 14 0 26 22 0 0 3 1 1 2 6 2 3 0 9 16 0 0 12 2 0 7 0 4 5 1 0 9 1 11 2 0 1 7 0 23 1 0 1 0 0 0 0 1 0 3 0 3 0 3 4 4 19 15 5 3 3 6 0 23 10 6 0 5 0 1 0 2 0 2 0 1 1 4 10 35 8 0 0 1 2 3 6 4 0 1 2 11 0 0 5 1 0 0 0 5 0 0 7
1 8 3 1 0 1 4 7 2 1 2 2 0 3 1 1 7 10 2 1 1 1 0 0 0 1 17 1 13 0 0 3 2 0 0 2 3 0 1 2 5 2 0 4 0 0 0 0 9 6 2 22 0 0 6 1 0 4 0 0 3 6 0 0 3 7 0 0 1 0 11 0 8 1 1 11 0 5 2 1 0 4 0 0 2 5 0 0 4 1 5 0 1 0 0 18 0 5 17 2 0 18 0 2 19 2 0 8 0 0 1 9 1 6 0 4 18 0 1 8 9 3 11 21 3 7 0 12 18 0 3 1 0 0 2 0 2 0 1 0 2 1 1 0 11 0 0 0 3 1 24 3 7 3 1 2 18 3 8 0 12 1 5 2 2 0 9 0 0 7 3 0 3 0 1 2 1 0 0 0 4 0 1 3 5 0 0 16 8 4 0 12 0 1 4 0 8 0 8 12
0 0 8 9 1 2 8 3 3 4 1 11 0 14 1 2 2 8 0 3 3 0 8 1 0 1 1 4 4 6 1 3 2 0 1 9 0 0 0 6 0 2 0 4 1 0 16 6 6 5 1 2 4 0 1 0 0 0 0 1 0 0 0 0 4 1 0 4 4 1 5 0 2 6 1 18 9 4 8 0 2 2 3 0 8 10 0 0 3 0 11 2 6 4 0 42 0 32 6 1 3 12 0 22 3 0 0 2 0 1 3 0 6 0 0 6 1 0 14 2 0 1 1 1 6 7 5 24 2 0 2 0 1 0 10 0 1 0 0 6 13 0 2 0 1 0 6 1 10 3 36 2 13 10 4 3 0 16 2 0 3 14 2 0 2 1 1 0 9 6 1 0 5 0 0 0 2 6 11 1 3 2 0 1 4 1 1 3 11 11 0 7 0 7 2 0 2 0 2 11
0 2 1 8 1 1 0 4 2 6 0 2 2 2 0 0 0 15 1 14 1 1 11 0 0 0 0 7 11 2 0 8 11 0 0 13 7 0 0 0 29 9 0 14 1 0 0 4 0 0 0 27 0 2 3 0 0 4 0 0 0 2 0 0 1 0 0 1 3 0 7 2 3 4 0 13 3 3 1 19 1 0 3 1 2 3 0 0 14 0 0 7 8 0 1 4 1 6 4 12 2 0 0 6 0 0 0 0 0 0 14 0 3 0 1 3 55 0 2 1 0 2 1 0 6 10 7 2 8 0 2 0 2 0 25 0 15 0 18 0 8 0 0 0 42 0 5 25 9 2 6 0 1 5 1 0 9 0 14 1 14 0 10 0 1 0 10 0 5 17 2 0 0 0 2 5 0 2 3 0 9 2 0 5 5 2 0 24 1 21 2 1 3 13 4 1 7 0 1 7
0 5 12 4 1 2 2 5 3 26 3 4 0 3 0 0 0 4 0 2 0 0 0 0 0 0 1 2 9 5 1 9 0 0 1 15 0 0 0 5 1 1 0 3 0 0 4 12 28 5 2 8 0 0 1 0 0 0 1 10 0 0 0 0 10 7 2 9 2 2 0 2 1 1 0 0 2 8 3 1 1 6 0 0 3 7 0 0 7 1 6 1 2 3 0 8 2 5 1 5 20 4 1 4 1 0 0 1 1 0 2 15 0 5 0 1 6 0 6 11 11 0 3 24 22 9 2 2 6 0 23 0 1 2 4 1 36 1 2 1 4 1 0 0 0 0 12 1 1 0 3 0 0 10 17 4 11 1 5 0 6 4 1 0 0 0 9 0 2 12 4 2 2 1 2 1 3 2 0 0 15 0 0 26 14 1 1 5 4 45 0 1 0 2 0 2 8 0 0 1
0 0 0 0 4 0 4 9 0 8 1 0 1 15 0 1 0 1 8 1 2 0 8 0 0 1 6 5 3 0 1 1 3 0 1 2 4 0 0 5 1 3 0 7 2 0 3 5 8 13 6 1 0 0 1 2 0 1 0 0 5 5 0 0 1 18 2 3 2 4 5 7 0 1 2 0 7 0 2 3 0 1 1 0 6 1 0 0 8 0 3 0 1 1 1 0 1 23 5 0 4 0 0 3 10 1 0 0 0 0 3 5 13 2 1 20 2 1 8 44 3 1 5 2 9 8 0 0 0 0 3 0 0 2 24 0 4 0 0 0 7 1 0 0 1 0 1 3 0 1 2 2 0 10 2 0 1 18 5 0 16 3 0 0 7 0 3 0 2 18 5 1 14 0 6 15 3 1 0 1 38 0 0 14 0 0 0 15 0 2 1 0 0 1 9 1 2 0 0 2
0 1 6 24 0 3 4 19 18 0 0 19 4 1 0 2 5 9 1 4 2 0 13 0 1 0 3 0 3 14 1 26 2 2 0 3 0 1 0 0 1 0 0 0 1 0 7 5 8 18 8 3 1 0 11 17 0 12 1 2 18 11 2 0 4 6 0 11 4 0 5 0 0 3 1 4 3 7 2 1 0 0 1 0 0 11 2 0 2 1 10 6 1 7 1 0 0 1 4 2 0 3 0 0 1 1 0 2 0 0 2 0 1 1 1 12 10 0 0 19 4 5 6 1 3 12 1 15 0 1 8 0 1 0 5 1 2 0 6 0 3 0 0 1 21 0 15 6 0 0 33 6 5 11 0 6 7 5 0 0 3 3 11 0 1 1 1 0 13 30 7 0 8 0 0 2 17 1 16 0 2 2 0 5 0 0 0 19 11 9 1 0 0 0 1 0 8 0 0 15
0 8 5 1 0 0 5 10 13 2 7 3 1 1 1 25 6 0 4 0 5 0 2 1 2 1 10 3 1 25 1 23 11 0 1 5 2 0 0 9 4 0 2 0 9 0 0 10 14 9 16 1 0 0 5 11 1 0 0 2 3 0 0 0 6 2 0 8 4 2 0 2 0 7 0 9 8 2 10 0 0 6 0 0 3 1 0 0 0 0 9 4 23 2 0 4 0 2 7 3 4 3 0 0 14 2 0 8 0 1 7 4 0 1 0 3 2 1 5 6 0 8 0 4 0 3 6 25 0 0 17 0 2 3 6 0 14 0 0 0 1 0 0 0 1 1 1 2 3 0 1 0 6 20 0 5 0 8 3 0 1 7 5 0 14 0 1 0 8 9 0 0 2 0 14 0 0 2 1 1 2 6 0 5 0 2 0 4 1 5 1 2 0 3 0 1 14 0 0 1
0 0 5 6 1 0 1 23 4 3 3 0 0 7 2 1 0 2 10 5 1 0 8 0 1 7 10 23 1 2 1 6 10 1 3 7 0 0 0 8 1 0 0 1 0 1 2 12 13 2 0 10 0 0 0 17 1 11 0 5 5 9 2 0 2 1 0 0 7 0 13 2 1 9 0 2 1 1 3 0 0 5 7 0 1 2 0 0 2 0 0 1 5 5 0 8 2 7 5 3 10 19 1 0 1 0 1 5 0 0 7 1 0 2 0 3 21 0 6 0 9 11 4 6 4 1 3 22 5 1 20 0 1 0 6 1 15 1 4 1 7 0 2 0 23 0 1 2 9 0 11 4 8 14 2 1 15 24 2 0 10 15 0 0 1 1 9 0 4 3 1 0 0 0 1 1 3 8 4 0 1 6 1 5 1 0 1 6 19 28 0 3 0 1 1 0 15 3 1 2
4 0 18 6 0 0 8 26 0 1 10 7 0 0 0 11 8 3 1 4 0 0 6 2 0 3 12 10 0 2 0 0 5 0 0 0 15 0 2 2 3 1 0 0 7 0 3 1 2 7 1 6 1 0 1 4 2 8 0 2 1 15 0 3 4 0 0 1 6 6 9 0 1 7 1 2 2 0 19 5 0 4 3 3 4 2 0 0 5 0 0 28 2 2 1 12 0 1 0 2 6 23 1 5 27 0 1 0 0 0 2 0 2 2 1 51 3 0 4 7 4 4 2 2 5 34 4 2 45 0 20 0 0 2 7 2 1 1 8 0 11 2 1 0 3 0 0 10 26 0 2 2 5 5 3 1 6 36 3 1 26 0 10 0 1 0 5 0 3 4 1 0 0 1 5 3 2 6 4 0 2 10 0 16 0 3 0 8 5 16 0 0 3 14 0 0 1 3 1 4
0 0 6 0 0 9 0 4 4 2 0 2 1 1 0 13 7 8 4 0 5 2 2 1 0 2 9 3 6 10 1 4 3 1 0 2 1 0 0 0 1 0 0 0 0 0 4 18 2 9 13 9 1 0 9 1 0 3 2 4 1 2 0 0 1 4 0 0 1 6 7 1 1 0 0 2 9 11 22 0 0 1 3 1 28 2 0 2 0 0 4 1 3 1 0 3 0 3 15 4 0 2 0 3 1 0 0 0 1 0 0 0 2 3 1 4 5 0 14 28 2 2 11 9 9 4 0 5 13 0 0 0 3 0 16 0 4 3 7 0 7 0 1 1 14 0 5 4 1 0 5 2 4 4 3 37 9 7 1 1 11 2 4 0 8 0 9 0 10 8 8 0 5 1 2 8 0 25 9 0 0 3 0 0 0 1 1 1 4 2 0 3 1 0 0 0 0 1 2 6
0 3 6 2 0 0 6 5 19 3 9 6 0 4 0 12 3 2 1 5 1 0 4 0 1 12 14 0 1 6 1 7 14 0 0 5 16 0 0 1 7 0 4 2 0 1 4 9 4 4 0 8 1 1 8 30 0 5 0 5 0 1 4 2 3 16 0 1 2 4 1 0 4 2 0 10 0 11 2 2 0 12 2 1 11 2 0 0 8 3 11 7 6 3 0 4 0 0 1 5 7 3 1 2 1 0 0 0 0 0 17 2 0 1 0 2 19 3 0 2 1 7 0 5 11 3 21 7 34 0 5 0 0 11 8 1 9 1 3 3 16 0 0 0 3 0 0 4 8 0 6 1 3 0 11 2 1 14 5 3 5 9 1 0 8 1 3 0 2 9 1 0 0 0 9 12 6 0 0 2 9 0 0 9 1 1 0 1 5 19 1 0 0 5 0 0 18 0 3 12
0 12 1 6 0 0 6 9 19 1 0 15 0 1 0 1 4 10 10 9 4 0 2 0 0 3 10 7 3 9 0 1 0 0 1 3 14 0 2 11 0 1 0 17 2 1 0 0 2 4 1 4 0 0 1 1 2 2 0 0 1 0 0 0 0 10 0 7 6 2 1 5 11 3 0 1 0 5 2 0 1 0 1 1 0 1 0 0 6 3 2 7 3 4 1 0 0 14 1 1 20 19 0 0 0 2 0 6 0 0 2 0 3 9 0 12 7 0 8 5 5 10 3 11 0 2 2 0 4 0 2 0 0 1 3 0 0 0 10 0 1 0 0 2 18 0 2 8 4 0 4 2 5 7 1 3 21 4 2 0 11 1 2 0 0 0 5 1 0 8 12 0 11 5 6 1 0 8 2 1 10 2 1 0 0 1 0 2 1 0 0 5 0 14 0 0 2 0 4 5
0 14 4 1 0 0 2 16 4 0 2 0 3 13 0 0 9 1 1 20 2 1 7 0 2 1 2 1 13 1 0 2 0 0 0 10 4 0 0 2 7 1 1 6 11 0 13 0 2 10 8 10 0 0 1 17 0 2 0 1 6 11 0 0 10 1 0 9 0 6 4 4 7 5 0 9 19 0 11 0 0 3 0 0 11 4 1 0 0 0 0 0 0 2 1 19 1 0 1 0 2 1 0 2 2 1 1 0 0 1 4 2 2 24 0 6 2 0 3 19 2 2 3 10 1 12 5 7 11 0 7 0 17 9 2 0 1 0 4 0 0 0 0 0 7 0 0 7 5 0 8 7 4 2 0 0 5 7 12 0 2 4 1 0 3 0 11 0 2 20 21 0 4 0 0 2 12 9 10 0 17 1 0 0 3 0 0 1 5 0 0 2 0 0 0 0 3 0 1 2
2 0 0 3 0 0 1 4 13 8 5 2 0 6 0 11 1 16 6 4 5 1 8 0 0 0 12 11 13 2 0 3 3 0 0 17 8 2 0 21 5 1 2 1 1 0 0 6 15 32 15 2 0 0 12 10 0 3 0 1 5 0 0 0 1 0 2 1 0 1 1 3 20 5 0 0 0 0 2 15 0 4 2 3 1 4 0 1 1 0 3 0 9 1 0 16 1 9 8 2 28 3 0 8 2 1 0 17 1 0 29 6 1 5 0 13 1 1 8 4 0 2 1 1 1 16 0 2 11 0 3 0 0 0 19 1 6 0 0 2 4 0 3 1 0 0 4 7 1 0 24 1 2 3 1 1 9 0 10 0 6 0 10 0 4 1 0 0 9 4 0 2 3 1 6 1 4 1 0 2 0 5 0 15 4 0 0 4 4 34 0 1 0 1 0 0 8 1 0 5
0 7 8 44 2 0 1 17 1 6 2 6 1 8 0 0 4 4 1 2 0 0 1 0 0 3 0 17 0 1 0 0 2 0 0 3 2 1 0 3 0 0 0 0 1 1 2 6 4 3 0 9 0 0 19 21 0 7 0 0 6 0 1 0 0 5 1 1 8 2 0 3 2 9 0 0 11 7 2 0 0 3 5 0 2 0 1 0 0 0 7 0 8 3 0 14 0 0 26 2 9 0 0 0 2 0 0 4 0 0 2 2 4 2 0 29 11 1 2 1 10 1 3 5 11 3 6 3 13 1 14 0 1 19 13 0 18 1 0 1 1 0 0 0 22 0 6 12 7 1 4 7 7 8 4 3 6 4 16 0 4 1 9 4 3 1 14 3 4 6 0 0 6 0 30 1 0 8 3 1 0 5 2 6 0 0 1 5 0 4 0 14 0 1 1 0 10 3 0 2
2 0 6 2 0 0 14 1 12 1 1 3 2 3 0 0 0 15 1 7 1 2 2 2 0 1 0 1 0 4 0 7 3 1 0 4 10 0 2 0 6 0 1 5 0 0 7 6 33 0 1 0 4 0 2 40 6 0 1 0 2 3 0 0 14 13 0 1 0 4 1 1 7 2 0 2 0 12 2 10 2 9 4 0 8 15 0 0 0 0 2 1 15 11 0 8 0 4 4 8 2 19 0 0 3 0 0 6 0 0 8 17 3 0 0 2 7 0 4 1 4 11 0 12 1 0 7 3 2 0 4 0 1 14 13 0 3 0 2 0 7 4 0 11 4 0 2 1 9 0 3 4 2 0 7 9 7 1 4 0 3 0 10 4 1 0 3 0 3 19 0 0 1 3 6 2 4 0 1 1 3 3 1 10 0 1 1 1 9 1 1 2 0 3 0 0 2 1 0 4
0 2 5 31 2 2 3 13 20 0 1 0 0 2 0 1 0 18 10 2 13 0 6 0 0 1 0 0 0 0 0 0 3 0 0 4 2 0 1 1 0 0 0 2 0 0 12 5 3 3 0 6 1 1 5 5 0 3 0 1 12 10 0 3 11 6 0 4 11 1 3 4 1 2 0 4 0 11 0 2 0 1 6 0 28 6 2 0 1 0 8 2 7 2 0 11 0 1 1 4 3 0 1 0 4 3 0 2 0 1 0 1 1 9 0 7 2 0 10 12 9 2 7 8 9 0 0 0 2 0 5 1 0 14 6 0 41 1 2 2 23 1 0 0 0 0 1 0 10 0 3 0 13 1 0 7 3 0 1 1 32 12 5 1 3 2 7 1 6 2 12 0 1 0 2 3 4 4 18 0 11 0 0 27 2 0 0 3 8 15 0 12 4 9 0 0 19 0 0 2
0 0 2 3 0 1 3 3 2 2 5 0 0 2 0 1 13 0 2 4 4 0 2 0 0 0 20 9 8 8 0 9 7 0 0 7 6 0 2 0 2 1 3 1 10 3 1 1 17 6 0 6 0 0 4 44 0 0 0 1 9 0 0 0 2 3 0 0 2 8 17 8 13 2 3 4 0 0 5 5 0 6 3 0 11 9 0 0 3 0 0 0 7 9 0 1 1 3 6 2 11 6 0 6 1 0 1 0 2 0 4 0 8 5 1 22 2 1 0 4 5 3 21 22 1 3 11 1 0 1 18 1 2 2 9 0 0 0 0 0 1 0 1 0 3 0 0 0 1 0 1 1 2 9 3 3 18 7 12 1 0 4 3 0 11 0 19 0 1 8 10 1 0 0 1 1 2 4 23 0 9 3 0 13 0 0 0 10 9 26 0 1 0 1 0 0 8 0 0 14
1 6 1 15 3 0 2 4 12 1 5 1 0 5 1 2 3 6 3 8 0 0 19 0 0 5 21 0 10 8 1 16 4 1 0 3 3 0 0 1 6 0 0 5 2 0 24 4 10 4 3 1 0 0 3 3 0 0 0 1 3 3 1 0 27 13 0 1 11 9 2 1 15 2 0 7 2 5 1 3 1 10 3 0 7 0 0 0 4 0 4 2 5 0 0 49 0 0 0 4 12 6 0 3 6 0 3 11 0 0 20 1 11 7 2 9 3 0 7 9 2 1 1 6 5 6 1 2 12 0 6 0 1 3 3 0 11 0 0 0 1 1 0 0 3 1 4 13 5 0 5 4 6 11 3 2 17 7 3 0 2 5 11 0 2 0 5 3 15 2 5 0 0 0 7 5 1 5 1 0 2 0 0 9 22 1 1 18 6 9 0 4 2 3 0 1 7 0 5 4
0 3 1 2 0 0 0 6 5 17 11 7 1 1 0 0 5 2 2 6 8 0 12 0 0 24 7 4 1 0 0 8 2 1 0 9 5 1 0 7 2 0 2 3 2 0 14 4 8 0 9 5 0 1 16 4 2 9 0 2 9 5 0 2 1 10 0 0 0 2 2 0 0 0 0 3 5 18 15 3 0 14 9 0 0 29 1 0 13 0 18 13 2 10 3 17 0 3 4 1 5 20 0 4 0 0 2 2 0 0 13 1 7 0 0 0 15 2 0 3 8 6 1 1 1 2 9 1 3 1 7 0 0 0 14 0 10 1 3 0 3 1 0 0 13 1 2 0 5 1 11 0 2 0 2 2 12 25 0 0 6 1 1 0 4 0 2 1 1 1 21 0 1 0 9 0 0 10 2 1 2 11 0 7 1 0 2 6 8 1 1 1 0 1 0 0 8 1 0 5
0 0 1 3 0 2 2 10 3 7 0 5 0 16 0 2 6 10 0 0 14 0 10 0 1 2 0 7 4 2 0 1 10 2 0 2 1 0 0 6 0 0 1 7 1 0 1 0 17 24 4 1 0 0 1 2 0 2 1 5 0 0 0 0 1 5 1 0 16 6 4 0 2 2 0 1 0 9 6 3 0 3 8 0 13 0 2 0 2 0 12 2 1 1 0 31 0 8 11 8 8 1 3 3 1 0 0 16 0 0 13 8 0 17 1 4 14 0 1 3 1 7 5 15 11 18 1 8 11 0 14 0 0 7 9 0 11 0 3 2 31 2 3 2 10 2 0 4 12 0 0 1 12 0 1 2 4 0 7 3 11 2 3 0 6 0 21 1 1 0 7 0 2 1 1 8 6 0 1 0 1 6 0 4 1 0 1 2 4 2 0 1 0 0 0 0 2 1 0 4
0 0 1 15 3 0 1 8 2 2 5 1 0 1 0 4 2 11 1 0 16 0 12 0 0 8 2 10 0 2 0 12 4 0 3 3 3 0 0 4 0 0 2 10 0 0 7 22 1 1 8 2 1 0 1 0 2 1 0 0 3 1 1 0 3 9 1 0 1 2 3 2 2 2 1 2 5 0 10 25 1 3 21 0 4 0 3 0 9 0 18 12 0 0 0 3 0 0 6 2 1 1 0 2 6 1 3 1 0 0 1 9 0 3 0 10 1 0 8 16 7 9 0 2 3 2 9 10 0 0 0 0 0 5 6 2 4 0 1 0 5 3 0 0 8 3 14 0 9 0 0 13 5 10 6 0 0 31 0 0 3 8 7 0 3 1 1 0 2 1 3 1 2 2 15 8 0 5 4 0 3 2 0 3 10 0 0 6 1 5 0 0 0 4 1 0 15 2 1 7
0 3 6 14 0 0 4 4 0 22 0 0 0 0 0 16 0 21 8 0 11 0 2 0 0 0 9 1 5 2 1 4 3 0 0 17 8 0 2 8 2 0 1 2 0 1 7 0 6 0 11 0 1 0 12 3 0 5 1 3 11 4 4 1 6 5 2 2 6 2 3 6 5 0 1 0 1 11 5 1 0 5 1 0 3 7 0 0 0 0 16 16 10 8 0 3 0 1 1 5 5 6 0 3 14 0 3 0 0 0 0 16 7 6 0 5 5 0 3 26 2 4 1 10 1 4 16 0 6 1 2 3 0 8 41 0 1 0 3 0 6 0 0 0 8 0 2 0 6 0 8 0 8 3 1 0 4 9 2 0 1 0 1 0 9 0 7 0 3 13 0 0 0 0 42 2 2 2 9 0 1 11 0 18 3 1 0 3 0 4 0 11 0 5 0 0 9 0 0 3
0 9 0 3 0 0 1 7 7 1 2 3 0 5 0 4 6 8 1 10 0 0 0 0 0 8 29 3 9 3 0 9 9 2 0 0 0 1 1 8 0 2 0 0 0 1 5 0 3 21 8 14 1 0 17 8 0 4 0 11 0 0 0 0 0 22 1 1 4 7 1 2 3 5 0 4 0 1 2 5 2 5 2 0 4 2 1 14 4 0 2 2 27 2 2 3 0 3 7 5 9 8 1 3 1 0 0 9 0 0 10 19 0 1 0 10 4 0 0 10 1 0 8 7 1 2 1 11 7 0 1 0 0 0 26 0 11 2 1 0 2 0 0 0 1 0 3 5 3 0 15 3 3 9 6 2 14 10 1 0 30 6 2 0 1 0 6 0 1 0 4 0 10 0 0 1 0 2 2 0 4 0 0 3 2 0 0 6 1 0 1 3 0 3 0 1 6 0 0 1
0 5 0 0 0 0 6 1 1 0 3 3 0 6 0 0 1 19 0 1 15 0 7 0 0 1 2 5 2 1 1 10 1 0 0 4 3 0 0 7 7 0 2 2 2 1 16 10 3 5 3 37 0 0 9 5 0 2 0 1 2 3 1 0 2 5 0 3 0 7 13 9 4 1 0 9 1 0 1 12 1 3 13 1 19 9 0 1 4 0 4 8 1 0 0 5 0 0 0 5 2 3 0 14 7 0 2 2 0 0 1 29 3 0 0 20 4 0 0 15 4 10 22 10 3 2 5 12 10 0 3 0 0 2 1 1 6 0 1 1 4 0 1 0 11 0 4 26 4 0 3 0 6 6 3 12 8 4 0 0 13 1 3 0 0 1 9 0 3 2 13 1 0 0 4 4 5 3 0 0 23 8 0 27 0 0 0 0 6 8 1 21 0 0 0 0 18 0 2 5
1 9 0 5 0 0 11 3 5 12 0 0 0 6 0 0 8 6 0 2 17 0 12 0 1 1 1 2 15 8 0 15 0 0 0 2 6 1 0 0 3 0 0 12 0 4 11 33 15 10 6 12 0 0 1 15 0 2 0 1 0 2 1 2 5 2 0 0 0 2 2 5 8 0 0 10 8 5 0 8 0 1 3 0 7 0 5 0 2 1 3 0 2 5 0 32 2 2 10 1 3 2 0 4 1 1 0 1 0 0 0 14 5 10 0 3 0 0 4 2 0 23 0 4 0 10 0 2 7 1 12 0 0 2 8 0 21 0 1 0 16 0 1 0 17 0 1 5 19 0 22 21 8 2 8 6 3 8 9 0 1 1 0 0 4 0 9 0 3 5 2 0 2 0 1 1 3 5 2 1 12 6 0 2 6 1 0 39 6 5 0 4 0 3 2 0 15 0 5 6
1 7 6 16 0 1 2 3 3 16 0 1 0 3 0 1 1 3 0 0 30 0 14 0 0 4 28 1 1 7 3 1 0 0 0 8 0 1 0 4 0 0 1 0 0 1 7 0 6 12 12 28 0 0 14 5 0 2 0 3 18 4 0 0 0 6 0 8 4 4 1 1 7 5 0 8 7 2 2 6 0 1 1 0 5 9 0 0 1 0 12 1 0 1 3 8 0 0 10 2 13 16 2 1 5 0 1 0 1 1 4 1 6 0 0 3 15 0 2 11 1 11 10 1 4 10 7 11 4 1 17 0 0 4 2 0 26 0 0 0 9 0 0 0 2 0 0 0 0 0 0 1 1 22 1 0 35 19 0 0 1 8 0 0 8 1 21 1 6 3 1 0 1 0 0 0 0 2 0 0 9 4 2 9 2 0 0 2 7 0 2 18 3 6 1 3 4 0 0 23
0 1 3 7 1 0 3 53 1 1 7 6 0 2 2 4 6 3 8 19 3 0 3 0 0 5 6 4 4 0 0 2 4 1 2 8 0 1 0 1 2 0 0 0 1 0 6 17 1 2 0 0 0 0 7 7 3 0 0 1 6 2 0 0 0 4 0 0 0 1 0 1 2 10 0 1 5 8 0 1 0 2 1 0 10 4 0 0 2 0 9 1 0 1 1 9 0 1 2 3 0 8 0 7 2 2 0 0 1 0 19 2 1 4 0 22 18 0 13 5 5 5 0 6 6 8 18 6 5 0 0 0 0 3 9 0 4 0 3 0 6 0 0 0 3 0 0 0 22 0 17 1 3 10 1 6 7 6 0 0 19 3 7 0 4 0 0 0 0 6 1 0 0 0 13 2 2 1 6 0 0 4 0 3 4 0 0 11 5 4 0 2 1 0 1 0 0 0 1 9
1 2 3 31 0 0 1 1 14 4 7 0 0 8 2 0 1 25 1 1 2 0 2 0 0 0 9 21 0 1 2 1 0 0 1 0 6 0 0 2 0 0 0 5 0 2 9 17 2 0 1 7 0 0 31 0 0 1 1 17 2 0 0 0 5 0 0 6 8 0 1 0 7 30 0 16 0 31 11 0 1 3 3 0 10 4 0 0 5 0 5 0 5 1 0 2 0 6 13 2 4 1 1 8 9 0 0 3 0 0 13 4 5 8 0 25 19 0 3 4 2 5 12 11 0 4 0 2 12 0 5 0 0 0 2 0 2 0 2 5 0 0 0 0 16 0 11 12 9 0 4 0 6 0 1 5 1 1 7 0 0 0 2 0 0 0 0 0 0 6 2 1 11 1 1 9 6 1 13 0 2 2 0 0 3 0 0 13 1 31 0 0 1 0 1 0 12 1 0 0
0 8 11 2 6 0 1 0 0 5 3 11 0 1 0 20 0 4 2 0 13 0 12 1 1 2 27 20 3 9 1 7 9 0 0 0 1 0 0 2 21 1 0 10 0 0 17 7 6 3 14 10 0 0 13 3 2 2 0 16 0 4 0 0 3 4 0 13 9 1 1 1 1 28 0 1 2 4 1 6 0 1 3 0 0 3 2 1 10 0 2 10 8 11 1 2 0 9 0 2 16 1 1 2 7 0 0 0 1 0 2 6 2 4 0 1 13 0 1 9 3 5 2 3 4 4 3 4 4 0 0 0 0 3 6 0 36 1 1 0 0 0 0 0 1 0 16 3 5 0 32 2 7 2 4 0 3 8 0 0 13 1 2 1 14 2 0 0 0 3 0 0 2 1 7 10 9 8 4 0 34 1 1 4 9 1 0 3 2 3 0 4 0 0 0 0 21 1 0 2
0 2 1 0 0 0 12 4 6 0 0 2 0 1 0 4 5 0 5 20 3 0 17 0 0 2 4 27 2 0 0 4 16 1 0 4 2 0 0 4 1 0 0 0 4 0 2 0 4 8 2 6 0 1 0 10 0 4 1 0 0 0 0 0 0 4 0 0 11 0 10 4 0 6 4 11 1 7 7 0 0 1 5 1 8 2 0 1 10 0 24 13 8 0 0 2 0 3 18 2 57 6 0 4 5 0 0 3 0 1 13 2 7 1 1 0 2 0 9 9 0 3 3 8 3 3 22 6 7 0 4 1 0 4 6 0 5 0 4 0 12 0 1 1 0 0 3 1 0 0 1 4 28 15 24 0 12 25 6 2 4 2 5 0 3 1 1 0 1 2 10 0 2 0 2 0 1 4 3 0 3 18 2 2 1 0 0 8 9 7 0 5 0 0 0 0 16 2 0 13
1 3 0 2 1 0 0 0 3 4 2 8 0 7 0 2 1 0 2 9 4 1 20 0 0 0 9 8 3 1 0 2 1 0 0 8 8 0 0 0 1 1 0 8 0 0 4 9 13 1 0 13 0 0 17 5 0 3 1 2 13 3 0 0 1 34 0 0 3 7 4 1 4 0 4 3 4 1 1 3 0 4 2 1 1 10 1 0 2 0 3 2 5 1 0 2 0 1 8 3 1 12 0 5 2 0 0 2 0 1 2 5 2 3 0 3 5 0 3 16 9 2 10 9 10 8 1 3 0 0 21 0 0 4 0 0 3 1 5 1 6 1 0 0 7 0 4 11 18 1 16 8 10 14 1 3 7 6 7 0 5 4 3 0 1 0 21 0 0 4 1 0 2 0 4 5 1 3 11 0 0 0 0 38 8 0 0 2 15 1 0 1 0 4 0 0 18 0 5 7
0 10 0 1 0 0 4 0 19 8 0 0 0 2 2 4 4 11 33 0 6 0 6 0 0 5 14 7 0 3 1 11 5 0 0 0 8 0 1 2 5 0 0 0 0 0 1 15 7 7 4 2 1 0 10 3 2 1 0 0 3 1 3 0 5 0 0 1 8 2 6 1 23 6 1 1 5 17 3 1 0 7 1 0 2 1 0 0 5 0 2 0 1 1 0 8 2 0 16 0 5 3 0 4 4 0 0 1 0 0 35 28 5 3 1 2 0 0 8 4 2 8 7 5 11 10 12 10 6 1 2 1 1 3 3 0 15 1 12 0 8 0 0 1 5 0 4 3 8 0 6 10 1 0 3 1 28 14 8 0 8 2 7 0 3 0 15 0 0 19 6 0 0 1 1 3 3 0 3 0 2 2 1 13 2 0 3 0 12 10 2 6 1 7 0 1 1 0 0 0
2 12 0 0 0 0 0 0 6 4 7 10 0 2 0 5 1 2 3 0 9 0 5 0 0 0 1 2 0 9 0 2 0 1 0 12 0 0 0 0 0 1 0 0 0 2 5 0 7 16 2 4 0 0 1 0 0 0 2 2 1 1 0 0 0 10 1 0 0 0 0 2 0 15 1 2 8 0 5 2 2 0 0 0 4 4 7 0 1 0 4 3 2 0 0 4 1 9 2 2 11 13 0 0 2 1 0 4 1 2 19 20 7 6 0 4 4 1 1 1 8 9 8 10 0 23 6 6 10 1 6 0 0 0 2 0 1 0 3 1 1 0 2 6 8 0 1 10 10 1 4 2 3 11 4 3 6 8 3 0 13 2 13 0 10 0 6 0 0 3 0 0 0 0 10 2 5 0 3 0 8 0 0 8 0 0 1 0 15 0 0 1 1 0 0 0 3 1 0 2
0 3 1 2 0 0 8 9 12 6 1 8 0 5 0 3 5 6 6 2 12 1 4 0 0 2 6 0 4 22 1 3 2 0 0 7 1 1 0 1 9 2 0 5 2 1 6 5 0 3 1 1 0 0 4 8 0 6 1 9 0 5 0 0 0 1 1 3 0 1 0 6 3 3 0 6 1 31 0 7 0 0 3 0 5 0 0 0 0 0 9 0 0 3 0 6 0 0 3 19 0 3 1 0 16 0 0 0 3 0 21 4 5 2 0 16 28 0 6 1 0 1 1 11 2 2 14 0 14 0 13 0 0 4 7 0 7 1 2 0 2 0 1 0 9 0 4 4 8 0 14 9 4 11 7 0 13 11 2 0 12 3 5 0 4 0 3 0 7 15 3 0 1 0 10 13 4 7 2 0 1 0 0 4 8 1 0 0 4 9 1 0 0 0 0 0 54 0 0 8
1 7 9 19 1 0 5 3 3 4 9 2 2 1 0 0 7 0 8 0 13 0 11 0 1 3 2 0 3 4 0 1 2 0 1 6 10 5 0 15 1 0 0 3 4 0 1 21 1 15 21 0 0 1 3 29 1 5 0 4 1 1 0 0 5 23 0 0 10 1 6 5 8 8 0 2 2 22 0 13 0 3 7 0 0 4 1 0 7 0 0 2 1 2 0 15 0 1 13 0 2 0 0 7 1 2 0 0 0 0 17 47 1 5 0 3 6 1 5 2 1 0 1 13 1 2 2 1 16 1 2 0 0 1 2 0 9 0 3 0 15 0 2 0 6 0 0 11 7 0 6 2 2 30 5 1 19 15 3 0 7 0 8 1 11 0 7 0 1 4 0 0 3 1 1 10 3 8 1 0 2 1 0 16 4 0 0 0 0 6 1 0 0 4 0 0 1 0 0 5
0 1 2 11 0 18 3 2 0 15 0 16 0 1 0 3 2 4 3 12 6 2 4 0 1 3 7 11 3 1 0 10 0 0 0 16 1 0 0 0 4 0 0 2 4 0 2 7 0 6 9 46 2 0 8 6 1 1 0 1 0 10 0 0 0 12 0 0 11 3 5 8 0 25 2 1 4 5 0 6 3 0 4 0 3 3 1 1 1 1 33 10 6 1 0 8 0 10 18 11 5 12 2 2 6 0 0 1 0 0 9 10 1 7 0 0 34 0 5 1 0 6 1 8 13 11 3 2 17 3 20 0 0 2 6 0 9 0 9 0 3 0 1 0 21 1 4 17 1 0 10 2 1 8 8 5 0 9 7 0 0 4 16 0 0 0 1 0 3 3 17 0 4 1 5 2 0 0 7 1 6 2 0 10 0 0 0 20 8 17 0 3 0 2 0 1 19 0 0 11
2 0 1 3 0 0 3 17 52 0 3 3 0 3 0 12 1 6 6 8 14 0 0 0 0 2 1 6 4 3 0 2 11 0 2 10 2 0 0 4 3 0 0 1 0 0 1 13 16 0 9 20 0 1 1 9 1 9 1 27 1 4 0 2 3 0 0 2 15 10 10 0 2 5 0 0 9 0 1 10 1 0 1 1 0 0 0 0 0 0 2 2 0 3 0 0 0 6 0 4 0 1 0 4 7 0 0 1 1 1 5 18 2 3 0 10 10 2 1 1 1 1 10 0 4 4 5 6 11 0 2 0 0 0 0 3 3 1 4 0 0 3 0 6 5 0 0 10 2 0 4 5 0 6 1 3 4 24 9 0 4 12 13 0 0 0 16 0 0 1 1 1 0 0 15 6 4 0 5 0 25 13 1 4 4 0 0 18 7 20 0 5 0 0 1 2 7 1 1 2
0 3 1 10 2 1 5 12 1 17 2 9 2 2 0 0 11 1 3 13 15 0 11 0 0 10 8 18 2 1 1 0 5 0 0 6 13 0 0 7 0 0 0 5 9 1 5 5 9 27 7 13 1 0 5 4 0 3 0 2 8 8 0 0 0 1 0 17 4 3 2 6 4 2 0 6 2 2 16 0 0 0 5 1 8 2 1 0 5 1 3 1 2 2 0 1 1 4 5 1 35 5 1 2 4 0 0 1 0 0 6 4 2 5 0 8 3 4 5 2 4 4 6 1 2 0 6 10 23 0 1 0 0 18 1 0 7 0 0 0 17 0 0 0 4 0 1 5 6 0 19 14 2 0 9 4 3 5 4 0 0 4 0 0 0 0 5 1 1 22 1 0 1 0 6 6 0 0 3 0 3 9 0 12 5 5 0 1 0 4 0 2 2 8 0 0 2 0 0 5
0 3 9 9 0 0 6 3 5 0 0 21 0 1 0 0 3 6 5 6 2 0 8 0 0 0 17 5 14 12 0 3 2 2 0 0 2 0 0 5 8 2 0 0 0 0 0 10 6 0 1 2 8 1 3 27 1 1 0 3 9 5 0 1 2 0 0 12 3 6 2 4 9 3 0 3 8 4 4 0 2 8 4 0 3 2 0 0 3 1 10 3 0 0 0 0 1 10 8 0 3 12 2 6 15 0 0 4 0 0 3 1 0 3 1 0 7 0 5 9 1 0 0 5 14 1 1 1 44 0 0 3 0 2 11 0 12 0 3 0 6 0 0 0 0 1 5 0 1 1 0 3 0 10 0 0 5 14 15 2 1 0 3 0 5 1 3 3 2 3 2 0 4 0 14 0 5 3 1 1 6 5 0 10 9 0 0 20 17 2 0 5 1 4 7 0 10 0 0 7
1 0 5 5 0 9 1 15 1 3 2 4 0 2 0 5 1 3 0 4 2 0 6 0 0 5 0 1 3 2 1 3 3 0 0 0 9 0 0 0 8 2 0 4 0 1 13 0 9 6 10 0 0 0 14 0 0 1 0 2 0 0 0 0 11 1 0 0 4 8 1 5 7 6 0 2 11 18 9 1 0 2 10 0 5 5 1 0 4 1 1 1 4 9 0 3 1 0 5 1 8 16 0 2 0 1 1 4 0 0 4 1 8 5 3 12 0 0 1 8 3 1 18 4 1 4 1 21 3 1 32 0 0 2 16 0 55 0 1 0 4 0 0 0 3 0 2 0 23 0 2 11 4 4 0 1 6 8 6 7 7 0 29 0 0 0 14 0 16 12 9 0 1 0 1 4 0 1 23 0 4 2 0 0 2 0 1 4 1 1 0 2 0 6 0 0 1 0 1 0
7 3 0 3 1 1 3 5 7 1 3 0 0 23 0 1 23 9 1 2 7 0 57 2 2 8 39 6 7 2 3 3 0 0 0 1 3 0 0 0 7 0 1 1 0 0 0 3 6 19 9 1 0 0 16 11 1 7 0 4 4 1 1 0 0 2 0 2 7 10 0 2 11 37 0 1 4 5 7 0 0 4 13 0 7 5 0 2 2 0 21 4 3 2 5 19 0 4 17 10 0 0 0 3 7 1 0 0 0 0 1 2 5 8 0 0 14 0 0 12 0 5 1 6 7 1 0 9 5 0 8 1 1 6 2 0 4 0 1 0 14 0 0 0 24 0 14 2 2 0 6 9 4 39 8 2 24 5 30 1 10 0 4 0 9 1 20 1 2 3 1 0 0 0 2 9 0 3 2 1 3 5 0 2 1 0 0 0 12 18 0 3 0 0 0 0 13 0 0 2
0 0 8 18 0 0 1 7 0 3 0 0 0 0 0 13 5 8 0 10 19 2 24 0 0 3 1 13 8 4 0 8 0 0 0 8 8 0 2 11 3 0 0 11 6 0 1 1 6 8 13 4 0 1 0 18 1 3 0 5 6 3 0 0 11 13 1 4 0 2 3 1 23 34 0 4 7 0 1 0 0 5 2 1 4 7 2 0 6 0 7 13 1 1 0 3 1 1 27 4 8 0 0 10 0 0 0 6 0 0 3 39 1 6 0 16 2 0 3 20 0 1 0 5 2 5 10 2 5 1 10 0 0 6 1 1 15 0 20 0 14 0 0 0 7 1 2 5 3 0 5 3 33 0 2 0 1 6 5 0 6 9 6 0 4 0 0 1 0 0 0 1 0 0 6 10 2 1 0 0 0 2 0 9 15 0 0 8 11 1 1 0 0 8 0 0 8 1 1 1
1 1 2 11 0 2 1 4 23 4 0 0 0 5 0 3 4 3 10 10 19 0 12 0 1 1 11 17 7 1 1 19 0 0 0 5 3 0 0 4 0 0 2 10 0 0 7 0 10 11 13 1 0 2 4 33 0 7 1 1 6 2 0 0 1 20 3 0 1 1 3 7 10 5 0 1 0 19 17 0 2 3 4 0 21 8 0 1 2 0 9 0 0 7 0 7 2 0 14 0 0 0 0 2 4 0 0 9 0 0 2 2 11 5 2 1 5 0 1 14 0 4 0 6 1 14 3 2 4 1 0 3 1 2 5 2 0 0 6 0 10 2 0 1 0 0 4 2 9 0 3 0 0 15 0 10 11 17 4 0 1 2 2 0 2 0 2 0 15 12 2 1 0 1 9 0 3 1 1 1 0 3 0 6 4 0 0 6 6 0 1 0 0 0 2 2 11 0 0 0
0 2 3 7 0 4 1 12 0 6 0 0 0 0 0 23 4 2 4 3 2 0 2 4 0 11 14 13 7 20 0 7 2 0 0 11 2 0 0 3 0 2 1 6 0 0 1 2 10 8 5 2 0 0 4 0 0 1 0 0 16 3 0 0 0 11 1 0 1 2 4 9 18 3 0 16 3 26 3 0 0 6 3 0 8 4 0 7 12 0 2 1 1 2 0 13 0 0 6 18 12 1 0 1 6 1 0 0 0 0 20 1 1 0 0 3 8 0 17 3 12 7 1 2 4 7 16 8 9 3 0 1 1 4 6 0 17 0 1 1 0 1 0 1 6 0 0 1 2 0 2 0 4 2 14 3 12 11 3 0 2 0 0 0 8 0 3 0 1 6 8 1 2 1 1 0 2 7 0 0 8 1 0 11 4 0 0 6 1 1 0 1 0 3 0 0 5 1 0 0
0 3 0 12 0 2 2 0 6 0 19 14 0 4 0 3 0 2 11 3 1 1 1 1 1 9 7 0 1 0 5 15 0 0 0 8 0 0 1 0 0 0 0 0 2 0 15 8 13 1 7 7 0 0 2 2 0 1 0 1 0 2 0 1 1 17 0 7 3 24 1 11 3 8 0 0 2 0 5 4 0 2 4 0 5 23 2 0 1 1 28 0 4 3 1 6 0 10 16 12 10 3 0 0 1 0 0 6 0 2 4 1 7 2 0 1 3 0 5 12 1 3 4 31 5 3 7 8 3 0 35 0 0 1 0 0 11 1 14 0 11 0 2 3 10 0 3 5 0 0 7 2 8 4 0 2 7 4 5 0 13 0 4 0 0 0 2 1 1 6 1 0 2 0 3 4 2 1 6 2 9 1 1 4 5 2 0 8 27 7 1 3 0 1 0 0 12 0 0 17
0 0 1 17 0 0 2 24 10 3 0 0 0 2 0 0 1 9 6 3 0 1 4 0 0 1 16 4 0 2 1 24 20 0 2 0 12 1 0 5 7 0 0 4 4 0 16 2 5 0 4 0 2 2 3 4 0 3 0 1 9 11 0 0 2 1 0 13 5 2 2 19 9 3 0 8 1 2 0 5 1 0 0 0 1 1 0 2 1 0 17 9 1 8 1 14 1 3 3 8 9 2 1 2 1 0 0 39 3 0 0 1 1 5 0 5 19 2 5 19 2 3 0 1 8 14 5 30 3 0 5 1 0 5 0 0 3 1 0 0 17 0 0 0 2 4 0 0 12 0 2 8 5 1 0 2 28 10 2 0 25 1 4 0 6 0 5 1 5 2 4 0 1 0 12 3 0 0 3 6 5 4 0 35 17 1 1 7 2 1 1 13 0 6 1 0 18 0 0 2
0 9 1 1 0 0 4 5 3 15 8 1 0 0 0 1 0 18 1 2 1 0 2 0 0 0 12 26 1 0 0 2 1 0 0 4 0 0 0 1 1 0 0 1 0 0 2 1 11 3 2 32 0 0 17 6 0 1 0 2 1 2 1 0 0 4 0 2 0 1 2 2 7 17 0 0 5 0 14 0 0 18 0 0 1 1 2 0 5 0 13 0 9 2 4 0 0 6 0 1 0 3 0 0 13 2 0 2 0 0 0 4 0 2 1 3 1 3 6 0 2 3 0 17 5 3 3 2 13 1 5 0 0 3 13 0 4 0 2 0 3 0 0 0 3 0 0 3 2 0 3 3 4 0 7 2 0 0 6 0 43 0 6 0 2 0 8 0 0 1 18 2 16 0 10 0 7 9 44 0 24 1 1 9 4 0 1 0 24 12 0 2 0 12 0 0 4 0 0 3
1 0 1 5 1 0 0 21 1 3 10 3 1 0 0 1 0 30 4 2 11 0 0 0 0 11 18 1 3 0 0 2 0 0 0 2 0 0 0 7 3 14 1 2 2 1 0 17 28 13 10 10 0 1 0 9 1 0 1 5 4 3 0 1 6 1 1 10 0 0 7 0 0 14 1 3 3 10 0 14 1 3 10 0 6 0 0 0 0 0 3 4 17 1 0 4 1 0 5 0 2 6 0 1 1 0 0 7 0 3 41 11 1 1 0 6 15 0 14 2 7 8 10 7 16 16 0 0 4 0 11 0 1 5 0 0 28 1 7 0 0 2 1 3 1 0 2 36 22 0 2 1 13 2 1 26 15 1 1 0 5 2 15 0 6 1 13 0 1 1 0 0 2 1 2 0 5 0 1 0 4 2 0 1 1 3 0 8 0 20 1 4 0 0 1 0 0 0 1 0
0 4 6 4 0 0 0 5 14 0 3 6 0 8 1 0 0 3 6 2 2 1 9 0 1 3 2 0 9 3 0 6 0 0 0 0 12 0 1 7 10 0 1 14 6 1 29 13 13 3 2 1 1 0 1 30 0 14 1 1 6 0 1 1 0 3 0 3 6 20 10 2 0 21 0 10 2 2 3 6 1 8 0 0 2 3 0 4 0 0 12 8 2 8 1 6 1 3 0 8 4 0 3 1 2 0 1 5 0 0 0 7 9 0 0 22 0 1 0 17 2 7 16 15 4 21 0 7 28 0 6 0 0 14 2 0 10 1 1 0 2 1 0 0 7 0 0 0 11 0 6 6 16 7 6 0 2 19 7 0 22 2 6 1 2 0 1 0 4 2 0 0 0 0 6 1 3 4 3 0 0 6 0 6 1 1 0 20 3 11 0 1 0 1 0 0 6 2 0 2
2 17 0 4 0 4 1 7 3 14 1 3 1 9 0 2 3 0 2 8 3 1 32 5 1 0 4 25 0 1 2 1 14 0 0 21 1 3 0 1 3 0 3 2 2 1 9 3 10 4 6 3 0 0 2 5 0 0 0 2 20 10 0 1 5 1 0 1 0 1 3 0 0 6 0 6 2 14 0 3 0 2 0 1 9 0 0 6 8 1 0 0 12 1 0 43 0 6 10 10 14 5 1 2 0 0 0 0 0 0 2 5 14 6 0 11 1 0 0 3 11 4 4 5 2 6 11 4 4 0 17 2 2 3 6 0 3 1 4 0 4 0 0 0 0 1 4 9 16 1 14 5 14 4 4 3 17 1 1 0 4 2 1 0 5 0 1 0 15 11 3 0 0 0 7 33 1 2 9 0 8 0 0 16 4 0 0 6 0 2 0 0 0 7 0 1 11 0 0 14
1 1 3 9 0 0 1 2 3 4 0 4 1 9 0 1 4 1 1 3 0 0 2 1 4 1 13 2 1 2 0 22 2 0 0 2 1 0 0 12 0 0 0 7 0 0 2 8 3 4 9 11 0 0 1 0 4 1 0 5 0 8 0 0 1 7 1 20 9 4 1 0 9 14 0 4 1 10 1 2 0 1 0 0 3 2 0 0 1 0 29 1 7 14 0 7 0 0 0 8 6 2 0 2 3 1 0 3 0 3 5 23 6 2 0 8 14 0 11 10 0 1 8 13 6 12 0 13 3 1 3 1 2 11 0 1 7 0 4 0 6 0 2 1 16 0 1 1 11 1 16 1 0 1 9 0 12 5 6 2 11 8 4 0 4 0 1 1 9 3 0 0 0 0 22 0 3 5 14 1 10 1 0 4 1 0 0 30 7 3 0 5 1 1 0 0 8 0 0 3
1 2 5 0 0 1 14 7 6 1 9 9 0 1 0 2 2 0 0 11 3 1 3 0 1 0 4 10 1 1 1 28 0 0 0 8 0 0 0 3 1 0 1 6 2 0 6 6 0 8 22 1 0 0 34 9 2 0 1 10 2 1 1 0 1 35 1 6 3 6 1 0 3 6 0 0 2 11 0 1 0 9 3 0 1 5 0 0 0 0 5 0 4 2 1 5 0 18 0 9 4 5 0 3 13 0 0 1 1 0 7 11 12 6 0 1 7 0 4 7 0 7 5 4 3 9 3 52 4 1 3 0 1 6 25 0 1 1 2 0 8 1 0 2 12 1 3 21 2 0 4 1 11 3 0 2 15 10 7 0 2 0 0 1 7 0 5 0 6 4 16 0 24 0 7 1 0 3 0 1 10 13 0 0 4 0 1 9 3 2 0 4 0 1 1 0 0 0 0 3
0 14 4 25 3 0 4 15 4 5 5 5 0 0 3 1 0 4 5 5 2 1 14 1 0 2 40 6 6 10 0 6 3 1 0 1 0 0 0 2 0 0 0 4 0 0 4 16 23 15 3 2 0 2 3 17 0 10 0 3 2 4 0 1 2 12 0 5 3 6 1 2 6 3 0 11 10 10 2 8 4 6 0 1 6 0 0 0 5 0 6 0 3 5 0 17 0 0 0 8 9 5 3 5 3 0 0 3 0 1 2 1 4 2 3 0 0 2 0 0 18 18 8 7 9 7 24 8 18 0 4 0 0 1 0 2 2 1 4 0 2 0 0 1 1 0 0 4 12 0 13 0 1 1 5 0 0 7 16 1 3 4 10 0 0 0 2 3 0 5 7 1 0 1 8 14 2 4 3 1 1 0 0 4 0 0 0 1 4 8 0 1 1 6 0 0 7 1 0 9
0 0 0 6 2 0 4 0 8 2 5 0 1 1 0 2 6 9 1 1 16 0 0 0 0 2 2 3 5 1 2 15 0 0 0 3 8 1 0 0 2 0 1 5 0 0 6 12 6 1 11 7 0 0 20 3 0 17 0 5 7 1 6 1 7 5 1 1 0 3 3 6 0 1 0 5 2 12 4 0 2 2 0 0 19 4 0 0 17 2 0 2 0 2 0 9 1 0 26 2 9 0 0 0 2 0 1 19 0 0 4 2 7 6 0 15 9 2 5 4 4 8 7 6 0 1 6 2 23 0 1 0 0 10 0 0 1 1 0 3 12 1 0 0 8 0 1 4 14 0 2 4 3 3 2 0 21 9 9 1 1 1 11 0 20 0 1 0 9 3 25 0 0 0 10 4 2 12 6 0 0 1 0 7 0 5 0 5 4 13 1 2 0 3 0 0 10 0 0 4
0 12 12 3 0 0 0 3 2 6 10 8 0 8 0 1 4 25 1 6 4 0 6 0 1 9 3 1 3 7 0 0 1 0 0 14 6 0 0 13 0 0 1 1 1 0 0 13 13 8 4 2 0 0 7 7 5 4 1 0 2 0 0 0 0 8 0 1 16 0 8 3 0 0 0 2 1 1 0 6 0 1 2 0 22 2 0 1 6 0 0 2 12 1 3 8 1 3 7 0 2 1 0 0 0 0 0 5 0 1 1 4 3 12 1 1 3 0 4 15 4 9 0 14 16 21 3 6 0 0 4 0 0 3 3 3 12 0 7 0 2 2 0 0 0 0 2 4 6 0 9 3 2 36 1 3 6 2 1 0 1 7 0 0 3 0 11 0 4 8 0 1 0 0 0 0 0 1 6 1 2 2 1 7 0 0 0 16 1 2 1 2 0 5 0 0 7 0 1 7
0 15 0 7 0 0 12 1 1 1 6 1 0 8 2 0 1 11 3 1 1 8 13 0 0 5 6 2 5 2 0 3 1 0 0 6 1 0 1 1 4 0 0 4 3 0 3 0 5 14 9 1 0 0 8 8 2 5 0 11 23 1 0 1 2 0 0 4 2 0 1 8 1 4 0 3 0 6 1 2 1 1 4 0 1 13 1 1 1 0 3 1 2 0 0 13 0 0 4 9 0 3 0 4 0 0 1 14 0 0 0 1 2 1 1 21 12 0 0 2 0 1 1 12 6 18 5 0 6 1 2 0 0 1 35 0 10 1 6 1 7 0 1 2 2 1 1 9 11 0 17 3 6 5 4 0 0 10 1 0 7 3 6 0 3 0 16 0 9 4 0 1 0 1 20 8 2 6 14 0 5 1 0 2 4 0 0 6 21 4 0 4 1 5 0 0 27 3 0 3
0 0 0 8 0 0 1 3 21 2 3 0 0 19 1 0 0 6 1 3 41 2 5 2 1 3 9 1 6 1 0 30 7 1 2 3 1 0 1 0 0 0 4 16 5 0 5 2 5 2 16 3 0 1 9 13 0 5 0 5 5 1 0 1 9 5 0 17 8 0 1 13 9 9 0 2 2 4 7 1 0 2 0 0 1 7 1 0 7 2 3 1 0 5 0 1 1 1 13 0 4 7 1 3 0 0 0 1 0 0 2 5 0 3 1 6 17 1 0 2 6 2 0 13 16 1 2 2 26 2 6 0 0 8 6 0 7 0 7 0 9 0 0 1 2 0 19 7 15 0 7 0 0 8 9 2 8 0 1 0 0 2 1 3 1 1 19 0 18 8 6 0 2 0 21 1 9 1 1 2 4 1 1 21 4 2 1 6 26 3 0 1 0 0 1 0 14 0 0 8
1 5 2 9 0 1 3 1 0 0 1 4 0 2 0 0 4 1 4 0 3 0 2 1 0 3 2 8 10 1 1 5 4 0 0 1 5 0 1 0 1 0 0 0 6 0 2 4 0 8 3 36 1 1 28 0 1 1 0 1 1 0 1 0 9 8 0 13 2 3 9 1 11 5 1 1 4 6 0 6 1 0 7 0 0 3 2 0 3 0 2 0 1 0 0 15 0 5 10 2 0 4 0 32 0 1 1 2 0 1 3 10 0 25 1 4 7 0 3 0 0 3 5 2 0 1 10 2 2 0 0 0 0 1 1 0 4 0 1 0 13 0 0 1 7 0 6 26 2 0 12 3 9 19 7 0 4 3 4 0 0 10 1 1 9 0 5 0 3 6 5 0 3 0 4 0 0 7 2 3 0 1 0 3 12 0 0 9 15 5 0 0 1 5 0 0 0 0 1 10
0 1 0 6 0 0 2 13 8 2 4 7 1 9 1 0 2 0 7 7 15 0 11 0 1 1 6 14 1 2 0 6 0 2 0 24 3 2 0 0 2 0 0 0 2 0 13 3 3 7 0 10 1 1 10 16 0 1 0 0 0 0 0 0 0 11 0 6 1 1 12 3 4 2 0 0 1 18 1 1 1 0 2 0 6 6 1 0 3 0 11 8 2 0 0 10 0 1 4 0 8 6 1 13 1 0 0 2 1 0 12 3 3 0 0 2 13 1 7 2 8 1 1 41 0 3 4 22 7 0 10 0 0 8 2 0 11 1 0 0 9 0 1 0 8 0 5 18 5 1 12 2 8 3 6 3 21 52 2 2 8 6 4 0 8 0 4 0 5 10 4 0 1 0 6 4 2 9 0 2 0 5 0 1 6 0 1 0 0 3 0 5 0 0 1 2 5 0 0 10
0 7 0 41 0 0 6 3 7 3 2 2 0 5 1 0 2 16 3 12 12 0 3 0 0 8 1 8 5 2 1 1 0 0 1 4 4 1 0 2 5 0 1 0 0 0 34 2 2 18 5 9 1 0 3 11 0 3 0 2 7 3 1 0 0 6 1 0 7 2 16 0 6 15 0 9 2 6 2 1 0 1 1 0 7 10 0 0 4 0 1 0 0 4 0 10 0 3 13 1 3 6 0 25 0 1 0 6 1 1 1 4 10 0 3 3 3 0 8 0 1 2 6 0 3 8 5 1 5 1 22 3 0 0 7 1 5 2 12 1 1 0 2 8 9 0 31 2 12 0 1 2 4 8 0 0 7 5 3 0 4 2 16 0 0 0 9 0 0 1 0 0 0 0 7 3 2 4 17 0 22 0 1 18 0 0 0 1 10 0 0 2 1 0 0 0 6 0 0 2
0 2 1 10 0 0 5 5 6 0 0 0 0 0 0 4 12 2 4 0 0 0 4 0 0 1 5 15 0 0 0 5 0 0 0 9 7 0 0 1 1 0 0 2 0 0 1 0 6 12 2 2 0 0 5 19 1 1 1 3 7 16 0 3 1 12 0 1 18 3 5 11 0 2 0 3 11 30 0 1 0 7 0 0 0 7 0 3 5 0 0 10 3 3 0 2 0 1 9 2 26 1 0 2 0 0 0 10 0 1 4 0 16 0 3 0 22 0 12 0 2 0 0 22 1 17 11 1 11 1 1 1 0 2 5 0 3 0 1 0 16 0 1 0 21 0 3 1 2 0 30 1 0 2 2 2 23 5 4 0 5 4 3 0 9 0 5 0 4 10 2 1 0 0 11 1 3 6 10 0 2 2 0 1 2 0 1 27 0 13 0 0 0 7 0 1 0 0 0 0
0 1 0 5 0 1 6 22 0 3 4 0 3 2 2 5 3 2 9 1 8 0 16 0 1 3 24 0 0 13 0 16 4 0 1 11 1 0 1 2 4 0 0 6 1 0 9 1 0 0 1 5 0 1 18 4 0 1 0 5 3 11 0 0 1 4 1 0 5 0 3 22 2 2 0 14 3 4 0 3 3 15 1 1 4 0 0 0 40 0 10 1 2 4 0 2 0 3 3 2 7 13 2 0 5 1 0 12 0 1 4 31 22 1 0 10 3 0 14 22 3 0 0 1 15 4 1 1 8 0 3 0 0 2 12 0 0 0 13 0 2 0 1 1 21 0 0 1 1 0 7 9 5 20 2 11 19 4 0 0 1 1 0 0 1 0 6 0 1 7 3 0 0 0 11 3 3 1 5 0 3 1 0 14 1 0 0 3 6 4 0 1 0 4 0 0 30 0 3 3
2 3 2 8 0 0 14 2 8 2 1 8 0 2 0 0 3 2 2 8 17 0 2 0 0 0 22 17 1 2 0 4 3 1 0 3 4 0 0 1 0 0 0 0 0 0 5 15 5 12 2 5 2 1 3 0 1 2 1 10 1 1 0 0 8 0 0 3 4 1 2 8 6 18 0 1 5 2 4 1 1 0 2 0 7 5 0 0 2 0 23 7 3 0 0 6 2 5 0 0 4 5 0 6 3 3 0 11 0 0 5 11 0 17 0 7 9 0 15 1 1 0 18 5 6 0 1 4 7 0 3 0 0 2 8 0 3 1 4 1 1 0 0 1 9 0 0 6 8 0 8 6 15 1 1 0 16 3 2 0 2 2 3 0 7 1 0 0 0 4 10 0 13 1 8 0 5 0 7 0 0 4 0 0 1 0 2 0 22 1 3 7 0 4 0 0 0 0 3 1
1 0 0 14 0 0 9 15 1 2 3 14 2 0 0 0 1 21 0 0 10 1 20 0 0 0 15 10 16 6 0 8 1 0 0 2 12 0 1 1 2 0 2 0 2 0 2 4 10 2 5 0 0 0 1 9 0 4 0 1 4 22 3 0 0 2 0 0 5 6 1 3 3 0 0 0 5 9 22 2 0 3 0 0 21 7 1 0 1 2 0 1 4 0 0 2 2 5 17 10 0 6 0 1 1 0 0 3 0 0 1 2 11 1 0 2 17 0 0 14 10 0 1 6 2 6 11 7 2 1 0 0 0 0 13 0 5 0 1 0 12 0 0 0 5 0 11 0 0 2 3 3 8 11 3 0 9 12 2 0 12 1 20 1 1 1 5 0 0 11 0 0 3 3 29 1 0 10 10 0 28 2 1 0 1 0 0 5 7 1 0 7 0 4 0 0 10 0 1 2
0 0 1 0 0 2 6 3 11 0 7 4 1 7 0 6 8 10 3 0 19 0 2 0 0 0 4 9 0 11 0 1 2 1 0 4 0 0 0 3 2 0 0 1 0 0 5 0 15 17 3 5 0 1 2 17 0 15 0 2 0 0 0 0 0 1 0 1 1 4 0 0 0 2 0 5 10 9 0 2 0 4 14 0 0 0 0 1 11 0 1 0 1 2 3 0 0 1 12 0 5 17 0 2 4 0 1 11 0 0 1 11 0 22 0 2 1 0 6 3 11 6 1 9 17 7 0 2 1 0 2 0 0 9 5 3 10 6 0 0 2 2 0 1 0 1 0 13 18 1 3 0 4 1 3 3 0 6 2 0 7 0 12 0 0 0 2 0 0 8 2 0 1 1 2 1 23 3 5 3 0 5 5 15 2 0 0 1 5 31 1 1 1 8 0 0 33 0 0 12
0 3 0 5 0 0 12 7 12 0 0 6 0 1 1 4 3 4 12 1 6 1 0 0 0 6 6 1 6 0 0 3 8 0 0 1 0 0 0 2 0 0 0 3 0 1 11 13 38 4 6 7 0 0 3 27 1 0 0 0 9 4 2 1 2 30 1 1 0 6 4 0 0 14 1 2 10 5 2 8 0 3 0 0 7 3 0 0 2 0 14 1 7 0 0 4 3 6 3 0 33 1 0 0 13 0 0 4 0 0 6 6 1 1 0 2 6 0 1 3 0 1 5 2 8 7 0 2 0 0 10 0 1 0 3 0 2 0 0 0 5 0 2 13 13 0 10 0 4 1 7 8 0 28 1 11 0 1 13 0 5 2 4 0 2 0 44 0 0 37 8 1 0 0 0 3 0 9 0 0 3 0 0 17 1 1 0 10 19 1 1 0 0 8 0 3 0 0 3 5
1 9 7 2 0 0 5 0 3 4 6 4 1 5 0 1 4 10 5 0 2 1 8 1 2 0 3 2 1 9 1 8 7 0 0 0 0 0 0 2 0 1 0 1 12 0 5 4 3 0 2 24 0 0 7 5 0 1 0 2 1 11 1 1 4 25 0 3 3 12 2 2 0 9 0 2 0 2 5 8 0 1 9 1 1 3 0 0 10 0 2 4 0 7 1 2 0 0 6 0 8 2 0 0 1 0 0 4 0 0 6 6 4 3 0 8 20 1 1 9 8 11 1 0 2 2 2 10 4 0 4 0 0 2 4 0 0 1 0 0 10 0 2 0 4 0 21 9 5 0 2 0 1 0 7 2 0 5 2 0 4 5 3 0 10 0 0 0 1 3 0 0 7 1 8 7 6 1 2 0 8 3 1 4 6 0 0 2 10 2 0 0 0 7 5 2 11 0 0 2
0 2 2 1 0 0 5 4 5 14 3 3 0 5 0 0 2 7 3 1 14 0 23 0 0 0 0 19 2 3 0 19 2 3 0 8 3 1 0 1 1 1 0 5 5 0 7 2 3 4 5 13 0 1 6 1 2 1 0 17 2 3 0 0 6 17 0 1 0 1 1 0 5 0 2 2 4 13 11 3 0 1 8 1 1 3 0 1 0 2 2 1 13 4 0 10 1 1 1 2 1 0 0 2 11 0 0 3 0 0 8 8 1 12 1 1 5 0 2 24 3 0 0 12 8 15 4 21 13 0 3 0 0 1 3 0 2 1 5 0 7 0 0 1 16 3 0 0 22 0 6 4 11 14 10 4 3 0 1 1 4 1 3 0 4 1 10 0 2 2 18 1 5 0 16 12 1 4 8 0 7 0 0 13 3 0 0 13 13 4 0 4 0 1 0 2 1 0 0 1
0 2 9 9 0 1 1 3 0 11 3 2 0 7 0 0 9 10 5 2 4 2 19 0 0 4 1 23 5 2 1 14 0 1 0 30 7 0 0 1 1 0 0 1 4 2 15 6 11 5 9 1 0 0 16 12 2 1 0 2 9 1 0 0 0 2 0 0 4 4 2 2 0 0 0 0 5 9 1 1 0 4 1 0 9 0 1 0 4 1 2 0 5 6 0 21 0 1 6 3 2 12 0 2 4 0 0 5 0 0 6 23 7 2 1 6 11 0 0 4 1 2 1 1 5 5 17 1 1 0 15 0 0 20 0 0 1 0 9 0 10 0 0 3 1 0 0 0 2 0 17 0 2 21 3 4 4 0 0 0 15 5 3 0 8 2 23 0 0 2 2 0 0 0 7 9 8 1 0 0 0 2 0 2 1 1 0 0 16 1 0 12 20 1 0 1 1 0 0 2
1 27 6 17 0 0 8 2 0 3 1 2 4 2 0 4 0 3 2 2 1 0 4 0 0 17 5 0 2 3 0 2 10 0 1 2 7 1 0 2 1 0 0 0 11 0 5 40 5 1 8 7 0 3 9 1 0 25 0 4 8 2 0 0 29 3 0 3 6 1 2 0 1 5 0 0 2 6 3 5 2 3 0 0 11 3 0 0 0 1 3 2 2 2 0 0 0 10 2 5 5 9 1 3 3 0 0 2 1 2 5 11 3 4 0 9 0 0 4 4 19 3 6 5 3 0 9 19 5 0 3 0 0 1 2 0 13 0 5 1 0 0 0 0 6 0 11 0 7 0 16 0 8 5 8 1 8 10 0 0 5 9 4 0 2 0 0 2 3 15 2 0 3 0 9 0 2 1 4 0 4 1 1 3 2 1 0 9 1 1 0 4 0 4 2 0 6 3 0 2
0 0 1 21 0 0 4 0 2 5 4 0 1 4 0 1 5 0 5 1 0 1 9 0 0 3 4 3 3 14 0 0 5 0 1 3 15 1 0 0 0 1 0 1 7 0 0 7 2 17 2 3 0 0 21 2 0 1 0 4 12 0 0 0 1 4 0 1 11 16 2 0 7 15 1 9 0 0 3 7 1 6 0 0 6 9 3 0 0 0 9 4 3 7 0 8 0 3 1 7 4 18 0 0 11 0 0 2 0 1 21 6 2 0 0 16 1 1 4 7 9 9 6 5 1 7 2 0 8 0 6 2 0 12 31 0 0 0 11 0 1 1 0 0 1 0 5 3 1 1 6 5 9 8 3 8 11 7 4 0 8 5 4 0 7 0 1 4 1 2 0 0 13 1 20 2 15 6 4 0 4 2 1 1 6 0 0 25 0 6 0 2 0 3 0 1 11 1 0 5
0 5 13 6 1 0 2 26 7 1 7 6 0 9 0 1 3 13 0 0 1 1 0 1 0 4 5 1 1 0 0 46 1 2 1 10 2 1 0 3 0 1 0 0 0 0 11 0 2 8 1 4 3 0 14 2 0 0 0 0 2 1 0 1 3 1 0 0 0 0 9 3 0 13 0 5 7 18 1 11 0 0 1 2 8 6 0 0 0 0 16 14 1 1 0 4 0 9 0 3 0 13 0 0 5 0 1 4 1 2 10 1 14 1 0 3 33 0 8 14 5 1 0 12 10 5 4 15 0 1 17 0 1 8 8 0 3 0 6 0 1 0 3 0 1 0 5 8 6 0 4 10 16 0 0 2 5 3 0 0 2 10 1 0 0 1 0 0 1 2 18 0 3 1 11 0 19 1 12 0 10 0 0 18 7 0 0 13 3 4 0 5 0 2 0 0 1 0 1 4
0 2 13 0 0 0 2 6 29 8 2 0 0 2 0 6 2 4 2 0 5 1 5 1 0 2 0 15 5 1 0 5 3 0 0 6 0 0 0 12 1 1 0 0 0 1 15 8 2 5 12 2 1 0 8 6 1 10 1 2 7 2 1 0 3 0 0 0 0 0 9 6 11 7 2 0 2 3 11 2 0 0 0 0 19 2 0 2 14 0 26 7 1 0 0 3 1 4 14 1 5 2 0 0 4 0 0 7 0 1 0 7 5 1 1 1 2 0 0 19 3 1 0 3 0 2 2 0 15 0 10 0 0 4 4 1 22 0 9 0 10 1 0 0 0 2 0 0 3 1 4 2 7 12 1 0 0 4 8 0 0 3 5 0 0 2 4 0 9 36 5 0 0 2 0 10 3 5 0 0 7 0 0 27 5 0 0 6 14 9 0 4 0 13 2 0 5 0 2 0
0 7 16 0 1 0 0 0 1 7 9 2 1 16 0 1 4 15 7 1 3 2 8 1 0 4 2 5 4 0 0 4 17 0 0 5 1 0 0 2 5 0 3 5 0 0 0 2 9 25 6 4 1 0 9 47 0 0 1 0 0 4 0 0 3 45 0 0 19 3 1 3 0 3 0 1 11 1 10 0 2 0 5 0 22 9 0 0 3 0 14 2 5 5 0 7 0 5 5 2 9 6 0 6 2 0 2 9 0 1 3 0 1 18 0 0 7 0 2 4 1 9 1 9 3 6 5 0 0 0 16 14 0 1 12 6 3 0 5 0 2 1 0 2 10 0 17 30 3 0 11 1 2 1 6 1 2 5 3 0 11 2 9 0 15 0 7 0 4 3 2 0 0 0 8 7 5 0 0 0 13 0 0 1 7 1 0 8 5 5 0 3 0 0 5 2 14 0 1 2
1 4 11 8 0 0 8 0 5 1 4 3 0 2 0 0 3 7 1 3 0 0 0 0 0 0 12 7 4 2 0 8 13 4 0 7 33 1 0 0 7 0 3 0 2 0 0 9 4 21 8 3 0 0 3 1 0 8 3 5 0 3 0 2 7 25 0 3 3 0 9 2 34 2 0 0 2 13 1 6 0 2 6 0 12 0 1 0 3 1 2 0 6 6 0 5 0 5 13 5 2 12 0 18 3 0 0 9 0 0 2 15 0 5 0 6 1 2 1 0 0 3 0 2 3 0 0 5 11 0 16 0 0 2 8 1 6 0 33 0 1 0 0 1 2 0 2 13 0 1 15 2 2 23 3 4 10 5 0 0 15 10 6 0 0 0 7 0 8 3 1 0 1 0 2 14 0 5 0 0 13 1 1 13 1 0 0 25 4 6 1 8 3 0 0 1 3 1 0 0
2 4 1 8 0 1 8 0 1 2 16 0 1 0 0 8 6 0 2 2 3 0 5 0 0 6 3 1 0 0 0 3 6 0 1 28 3 0 1 4 0 0 2 5 0 0 12 9 5 3 3 2 0 0 36 10 0 1 0 15 5 1 1 0 15 6 0 2 7 3 3 0 9 2 0 4 0 0 6 2 0 1 3 1 4 3 0 0 2 0 14 4 0 2 1 4 0 4 6 12 0 9 0 1 9 0 2 9 0 0 18 21 2 10 0 50 6 0 6 13 33 0 3 10 2 2 3 14 2 0 9 1 0 3 6 0 13 0 1 0 0 1 2 10 17 1 10 5 7 0 7 6 5 7 3 6 7 4 1 1 0 9 4 0 2 0 0 0 0 0 6 0 0 0 6 6 15 1 5 0 0 2 1 3 0 0 0 3 9 10 0 1 4 1 0 2 17 0 1 3
0 8 6 8 0 0 0 1 15 4 0 0 1 7 3 0 3 16 2 6 0 0 0 1 0 1 5 3 5 7 0 8 12 0 0 0 4 0 0 7 0 0 2 6 2 1 5 0 0 5 17 9 1 1 1 10 0 11 0 18 1 9 0 0 13 4 0 4 0 0 1 2 0 3 1 1 5 10 0 17 0 7 0 0 1 3 0 0 4 0 25 1 5 2 0 8 3 11 4 7 10 2 2 6 1 2 0 3 0 1 0 1 2 7 0 3 4 1 3 2 2 9 3 5 3 1 3 4 0 1 9 0 1 2 1 0 8 0 2 0 5 1 1 1 3 0 5 25 22 0 5 0 13 15 0 3 3 0 5 0 1 12 1 0 4 0 6 0 1 11 1 2 7 0 12 0 17 2 7 0 1 2 0 1 9 0 0 3 7 0 0 6 0 3 0 0 4 1 1 1
0 1 8 22 0 0 0 0 11 20 0 2 0 6 1 0 4 13 1 1 21 2 1 0 0 0 0 6 3 25 2 1 1 0 0 0 0 0 0 0 8 0 0 1 1 0 4 1 18 0 3 18 3 0 11 3 0 5 0 2 7 3 0 0 0 12 0 0 2 4 0 2 20 24 2 3 9 4 4 2 0 0 2 0 0 4 0 0 2 0 1 1 1 1 1 2 3 0 0 0 10 8 0 1 1 1 0 7 0 2 0 4 1 3 0 6 9 0 2 1 4 9 5 16 3 0 0 1 25 3 8 0 0 1 51 1 1 0 3 0 3 2 1 0 0 0 3 1 0 0 0 3 6 4 0 2 22 4 1 0 2 5 1 0 7 0 21 0 15 0 0 0 1 0 10 0 7 4 1 1 5 1 0 11 4 6 0 26 3 12 0 3 0 3 0 0 9 0 0 0
1 0 27 2 0 1 17 13 0 0 0 13 0 4 0 1 2 1 1 8 5 3 1 0 0 0 10 15 2 0 2 1 4 0 1 8 2 0 0 1 4 0 0 9 1 0 1 5 11 8 31 7 0 1 27 7 0 0 0 7 6 1 1 0 2 1 0 0 1 1 4 19 1 14 1 1 2 1 0 2 0 2 2 0 0 0 1 2 0 1 4 0 6 1 0 1 0 1 7 5 1 3 0 2 0 0 1 10 0 1 10 5 2 1 0 31 4 0 8 6 5 2 1 3 14 1 9 18 0 0 1 1 0 0 3 1 23 0 1 0 1 0 0 0 9 0 1 8 1 0 33 0 3 2 3 5 3 3 1 0 5 1 4 0 10 0 7 0 2 3 4 0 7 2 0 16 2 3 0 0 8 0 0 1 5 0 0 10 6 0 0 3 0 8 0 2 4 0 0 0
0 0 0 8 0 0 0 1 8 0 4 2 0 0 0 9 5 8 0 0 54 0 1 3 0 0 1 12 1 1 0 1 3 0 1 9 10 0 0 2 1 0 0 0 0 0 4 6 12 5 28 2 2 0 3 9 1 0 0 3 2 6 1 1 4 21 0 1 0 1 6 2 3 24 2 0 1 16 4 2 0 1 0 0 16 8 0 0 4 0 3 4 5 0 0 6 2 0 1 7 16 5 1 0 0 1 0 0 0 0 23 8 6 2 0 24 5 0 0 13 0 0 1 9 18 5 2 0 4 0 6 1 0 4 9 0 10 0 12 0 4 0 0 4 5 0 1 3 25 0 0 3 0 14 15 11 10 8 13 0 22 1 17 0 0 0 4 0 4 15 1 0 0 0 20 0 3 6 0 0 2 0 0 5 0 0 0 1 20 12 0 4 0 4 0 0 1 0 0 1
0 3 1 5 0 0 4 3 1 9 1 8 0 1 0 0 3 22 2 1 9 0 4 3 0 1 0 2 0 1 1 5 1 0 1 20 1 1 2 5 3 0 0 7 7 0 0 4 9 5 0 4 1 0 0 1 0 2 0 2 14 0 0 0 5 15 1 0 2 7 4 3 6 11 0 2 2 0 1 5 1 3 5 0 9 11 1 0 1 0 3 6 7 3 0 8 0 0 30 4 9 6 0 4 0 0 0 2 2 3 13 27 5 6 0 13 2 2 0 14 5 12 10 40 0 2 1 4 0 0 24 0 0 3 0 0 23 0 4 0 3 0 1 0 4 0 4 10 11 0 6 0 20 1 1 7 8 0 16 0 6 9 1 0 10 1 15 0 1 2 0 0 1 0 9 4 7 1 0 0 2 2 0 5 6 0 0 1 4 4 1 1 0 3 0 2 0 1 0 3
3 0 12 18 0 0 6 8 13 4 0 2 1 6 0 1 4 1 4 2 22 0 10 0 0 4 3 2 1 3 0 3 0 0 0 0 8 0 0 2 6 0 0 7 1 1 8 0 18 10 9 4 0 0 6 9 0 3 0 0 2 6 0 1 6 0 0 3 4 1 6 13 7 4 0 0 10 2 4 1 0 3 29 0 3 0 0 0 6 0 9 1 9 3 2 5 0 0 6 2 3 5 0 0 0 0 0 1 0 0 4 2 1 1 0 9 6 0 3 9 2 11 0 14 3 9 2 6 3 0 23 0 0 1 19 2 7 1 1 0 1 0 2 0 6 0 4 1 4 1 0 7 11 16 18 1 2 1 0 1 28 0 8 0 2 1 29 0 5 10 1 0 2 0 1 4 5 2 1 0 8 1 0 3 1 1 0 2 1 9 0 15 0 5 0 0 11 0 0 2
