201
191
187
209
139
172
164
153
180
182
181
169
185
144
213
244
233
212
148
131
189
214
145
137
184
218
149
181
166
140
141
161
145
150
238
157
144
170
187
202
199
143
199
226
149
154
200
194
140
176
178
198
171
153
223
130
163
158
168
160
168
146
132
184
175
159
230
141
179
176
195
211
205
160
136
214
186
134
185
196
201
213
154
190
218
148
138
200
182
162
210
232
210
146
152
159
135
165
190
139
133
155
206
211
169
165
136
180
135
207
228
130
138
151
202
150
179
172
155
178
197
163
189
157
212
143
137
166
235
164
131
132
133
134
147
156
142
142
158
174
147
156
152
151
162
161
194
167
167
177
171
183
173
193
173
191
177
204
174
216
204
188
175
188
226
170
195
183
197
206
186
192
209
208
203
208
192
196
233
193
203
217
198
227
242
219
225
217
215
205
221
222
215
207
237
222
216
219
229
241
225
230
224
220
220
224
235
241
227
234
231
232
254
237
223
234
231
245
236
228
221
239
238
249
242
229
243
246
245
236
252
250
249
244
240
239
248
243
240
246
250
252
248
247
247
251
253
255
251
254
253
256
255
256
257
257
258
258
-1
