154
189
144
155
145
214
174
136
172
173
171
140
170
184
182
137
160
201
212
203
239
178
170
218
210
202
188
169
193
143
173
140
150
153
202
214
146
179
174
149
228
192
221
189
240
221
131
166
139
139
222
159
234
190
134
186
134
161
130
143
158
246
148
136
222
149
131
163
165
132
205
147
154
193
138
182
175
176
177
238
151
229
212
167
133
153
192
133
207
183
162
141
208
198
180
166
209
205
152
132
195
194
201
229
216
228
142
185
138
175
186
137
162
199
135
199
135
141
142
159
148
157
130
161
152
151
176
157
184
179
156
144
167
155
160
146
145
150
147
171
172
163
168
178
169
156
204
187
185
158
187
164
180
165
168
197
164
194
177
213
211
209
200
181
181
217
188
225
191
196
190
183
195
206
198
206
200
220
217
191
197
196
208
215
210
237
203
211
207
215
224
204
227
235
213
219
223
216
224
218
223
227
225
219
220
226
233
233
226
243
241
231
232
245
235
234
236
230
237
231
242
247
240
230
239
232
236
251
246
248
242
243
244
249
247
238
250
245
241
252
248
251
244
250
249
253
253
254
256
252
255
254
255
256
258
257
257
258
-1
