136
181
144
210
177
171
142
197
160
214
158
153
216
220
223
196
166
181
155
159
134
152
137
214
138
149
154
154
237
191
193
147
157
162
180
143
169
165
231
137
164
178
131
166
179
146
134
198
136
218
152
130
185
192
196
155
176
171
164
197
179
175
175
149
156
210
187
145
188
174
184
195
133
208
191
140
240
209
143
157
173
148
165
144
199
203
163
132
130
167
206
235
176
139
142
174
185
193
168
133
204
239
198
161
146
139
188
201
153
201
200
207
148
204
170
169
226
235
135
180
167
132
184
140
145
178
163
141
247
212
131
141
135
138
150
173
151
170
159
161
172
160
147
151
162
158
150
168
189
206
156
177
183
219
172
208
225
190
186
194
182
222
183
228
211
215
187
209
182
199
205
190
202
200
186
202
205
194
211
207
192
224
189
224
195
218
223
229
217
221
219
234
212
213
221
251
239
203
230
226
227
234
222
215
216
232
220
225
238
213
231
242
217
243
251
229
230
244
228
233
227
232
236
241
243
248
236
238
245
249
237
233
241
242
245
240
248
255
246
247
252
246
244
250
254
252
250
256
249
256
253
253
254
255
257
258
257
258
-1
