136
171
145
241
181
144
209
155
205
177
158
135
130
177
191
155
134
214
185
154
131
137
184
167
170
174
169
215
173
152
154
209
143
219
195
136
193
133
225
198
149
164
182
137
189
179
141
162
160
153
234
178
213
192
181
141
216
132
184
175
151
130
186
205
146
200
204
138
222
172
148
180
172
146
132
135
216
152
168
212
235
140
183
214
190
197
139
169
220
162
168
167
204
145
165
149
143
223
202
142
138
203
197
160
153
147
165
225
131
147
163
164
156
196
211
189
163
190
182
234
174
144
150
175
158
183
140
151
150
180
133
134
161
139
142
187
157
195
156
157
148
159
166
171
185
179
176
201
199
161
159
170
176
203
193
186
207
178
200
166
173
188
241
210
211
196
207
192
187
202
188
206
194
221
208
224
229
194
206
226
212
218
199
191
201
198
213
217
231
238
219
215
228
224
222
221
210
218
233
208
237
220
230
228
245
233
217
240
226
227
246
232
227
223
235
237
229
231
236
242
230
232
250
244
242
238
236
243
250
239
239
240
252
244
251
246
248
249
245
255
243
249
248
247
247
257
251
252
253
254
254
258
253
255
256
256
257
258
-1
