168
228
143
181
229
142
164
185
187
183
176
208
230
217
155
132
152
156
160
168
152
167
188
216
136
188
182
140
179
153
194
174
173
145
169
190
131
187
213
156
198
140
181
135
149
229
200
148
198
146
190
175
142
148
200
210
206
197
158
179
171
199
144
154
161
138
137
219
240
201
159
225
134
159
163
138
205
157
211
186
172
210
195
130
172
215
220
221
131
171
223
133
170
157
228
175
146
150
132
139
154
192
151
173
139
143
209
178
170
158
153
130
134
137
151
220
180
136
167
184
145
193
196
180
178
147
205
164
215
194
135
141
133
141
149
144
166
183
147
161
165
150
162
155
177
160
163
165
204
176
162
174
196
189
186
207
202
235
191
184
182
169
166
209
185
193
177
203
211
203
192
195
189
208
201
199
191
231
226
207
213
217
197
214
224
204
236
243
202
218
214
222
212
222
232
206
227
244
221
219
232
223
212
233
218
227
233
235
237
216
225
226
224
241
234
254
230
241
231
247
238
234
243
238
246
247
239
240
245
237
250
236
252
246
244
242
239
249
248
242
248
245
251
250
251
254
253
252
249
253
255
255
256
257
256
257
258
258
-1
