149
183
168
222
166
145
187
202
175
137
163
140
159
228
185
192
237
141
196
155
171
205
140
133
163
152
135
151
208
173
135
139
222
142
157
133
161
157
226
174
152
172
169
144
186
183
226
228
244
216
162
208
193
192
149
161
151
203
204
148
132
175
153
217
142
211
205
130
191
233
204
143
150
134
194
143
211
162
232
206
130
181
153
176
156
196
249
203
225
141
146
132
176
155
164
180
160
188
187
167
171
197
156
198
158
147
154
148
158
194
154
198
164
147
139
134
160
180
166
174
185
167
195
207
178
131
186
146
136
213
131
136
137
138
150
144
138
145
165
168
173
179
170
181
177
190
165
178
179
206
170
189
188
212
159
184
182
207
200
200
177
199
169
190
172
182
197
195
199
214
202
215
193
223
220
214
227
201
223
184
210
209
189
191
209
221
210
220
221
229
212
230
219
201
217
213
232
215
216
227
224
234
218
225
242
236
237
241
229
218
240
244
224
231
219
243
239
242
241
238
243
231
230
233
235
236
240
235
246
238
246
234
247
251
249
253
239
245
250
248
253
245
247
248
257
251
254
255
252
250
254
252
256
255
257
256
258
258
-1
