219
232
147
166
146
167
203
132
148
189
140
130
193
183
184
160
196
158
140
233
190
208
133
191
200
150
135
177
138
170
166
165
156
145
183
230
207
159
134
168
200
173
157
154
169
225
178
224
239
143
201
181
147
151
131
210
189
213
157
153
144
137
152
213
161
153
228
239
136
135
194
155
194
154
181
174
182
146
142
160
193
226
201
176
171
206
202
158
178
145
196
237
155
179
192
186
143
197
151
134
187
130
202
169
141
156
195
172
137
164
150
206
184
172
229
214
139
175
226
164
168
161
138
167
186
187
144
139
232
132
131
133
163
142
136
185
149
152
162
148
141
165
149
188
177
159
163
190
179
173
171
174
180
162
209
208
170
180
192
175
197
217
195
191
176
221
207
182
185
211
205
204
198
204
234
216
199
212
216
198
188
225
220
211
215
245
246
210
205
227
212
215
199
203
224
240
218
223
209
222
222
244
231
219
221
238
238
218
230
220
214
229
217
227
223
231
236
250
242
228
240
236
235
241
233
253
246
237
234
243
242
248
241
235
243
247
245
244
247
249
252
254
249
250
251
248
251
255
252
254
255
257
253
256
258
256
257
258
-1
