185
143
138
214
163
173
222
156
178
138
170
136
171
131
185
189
217
144
228
150
145
141
172
131
182
193
210
230
171
132
152
133
207
213
176
134
194
151
158
184
163
183
158
157
188
181
212
153
148
221
200
139
155
176
210
198
147
177
133
233
205
220
154
250
148
143
135
187
159
207
144
189
179
139
168
142
205
173
141
192
149
137
193
187
160
195
180
199
191
220
152
219
162
137
188
167
177
233
195
217
228
182
147
140
203
168
206
134
226
132
174
149
190
159
214
169
179
130
153
145
166
175
208
130
142
201
227
150
199
184
136
146
135
146
157
140
154
162
160
165
151
156
196
161
155
172
164
201
167
183
169
166
213
190
161
211
180
186
191
192
170
165
164
181
209
204
174
175
208
178
221
202
203
196
186
197
219
215
206
202
211
209
197
218
194
216
218
239
200
198
224
230
244
204
236
215
234
246
238
222
245
212
231
232
229
224
225
240
216
223
236
229
225
223
235
234
237
237
249
243
226
231
242
239
232
227
241
252
243
235
241
238
251
254
240
246
248
244
245
242
251
247
248
250
253
247
249
252
253
255
254
255
257
258
256
256
257
258
-1
