147
160
237
195
143
226
187
164
180
140
191
131
223
176
179
152
132
201
202
150
185
135
161
152
145
194
145
138
133
165
175
134
171
149
169
200
172
235
130
193
209
172
151
194
146
160
191
219
185
151
136
218
162
189
153
193
171
156
178
155
134
132
170
232
154
174
140
217
182
159
196
183
150
143
166
179
228
131
234
173
166
209
182
197
189
221
142
204
168
190
154
192
167
186
183
147
137
139
130
133
155
215
144
208
149
192
244
176
146
175
162
153
136
214
135
218
142
200
169
139
204
170
229
222
144
158
181
148
210
207
138
141
157
141
137
165
148
177
161
198
163
156
168
163
164
159
178
174
203
188
158
181
195
198
180
188
157
177
167
184
184
173
187
210
211
199
196
186
213
219
211
206
224
197
205
227
203
199
190
213
246
212
215
207
208
206
214
216
205
202
224
201
221
228
223
212
222
226
229
227
240
220
235
216
233
236
251
237
231
232
217
220
225
233
236
225
230
239
234
246
242
244
241
243
231
243
238
230
238
245
239
249
240
247
253
250
245
241
252
248
250
242
253
252
248
251
247
249
254
254
255
256
256
255
257
258
257
258
-1
