164
220
164
219
168
134
159
174
189
161
170
144
173
184
165
199
231
186
156
166
130
224
221
237
155
176
197
150
198
146
151
174
202
143
131
218
153
162
162
172
169
157
200
133
191
137
137
159
158
141
175
148
142
169
224
133
178
202
204
167
193
147
248
195
190
139
175
152
204
173
179
189
146
191
160
182
138
145
138
165
203
242
143
156
207
184
161
205
166
135
130
154
139
155
209
216
222
232
150
142
186
207
187
209
157
149
145
180
194
179
225
168
132
140
134
181
181
135
220
132
194
210
148
171
176
208
196
187
163
144
131
136
140
136
151
147
141
171
167
153
160
149
158
192
154
180
152
203
185
163
198
170
188
208
185
172
183
212
216
201
182
190
228
177
196
210
183
177
234
201
211
178
225
195
200
215
206
197
188
215
211
222
206
213
226
214
193
205
213
212
199
192
214
243
239
240
226
223
228
221
227
227
238
223
219
236
235
230
229
230
218
217
232
241
217
240
238
244
234
229
237
233
231
235
251
233
245
241
245
243
247
249
236
242
252
239
256
249
246
244
251
250
247
246
250
252
248
253
255
253
254
257
254
255
256
258
257
258
-1
