153
144
191
205
199
159
197
185
193
201
149
146
172
229
223
217
170
157
194
147
186
179
176
149
227
130
148
136
157
189
202
187
163
177
132
171
163
166
185
183
200
160
164
178
183
193
200
138
144
218
181
148
139
180
151
150
197
166
225
217
234
156
142
147
211
137
133
165
143
155
134
207
181
137
201
145
167
182
238
133
154
151
161
164
131
140
215
150
218
206
132
186
195
140
160
202
203
156
168
159
169
158
154
188
206
134
179
145
195
135
172
155
136
184
227
153
199
239
130
131
222
190
191
192
175
141
192
203
182
177
152
135
138
141
152
162
174
142
139
143
146
171
168
162
175
176
158
167
169
198
208
174
161
173
184
178
189
190
165
170
212
173
196
210
211
216
187
220
180
196
194
209
188
198
209
221
207
225
219
208
204
224
215
220
236
205
241
213
228
213
237
210
240
224
216
235
204
234
214
222
226
228
214
229
232
251
236
233
212
221
219
226
247
231
243
242
232
230
231
240
230
223
239
245
244
235
233
241
252
253
237
244
245
246
242
243
238
248
254
248
246
247
253
249
251
250
250
252
249
254
257
256
257
255
255
256
258
258
-1
