176
150
164
225
224
141
244
203
191
219
169
163
212
218
208
193
155
137
218
191
176
142
236
203
143
177
158
151
144
171
178
198
138
188
186
174
187
161
204
140
180
185
200
194
142
155
145
181
233
253
187
214
198
147
147
199
214
162
170
165
151
149
170
202
132
149
171
141
169
217
200
145
131
148
228
172
168
193
152
139
177
139
205
130
160
130
136
150
204
185
172
131
243
157
216
174
175
134
146
190
158
207
192
148
220
165
138
196
206
136
192
181
143
159
167
175
137
161
144
156
160
132
178
133
134
210
154
234
156
135
133
159
153
135
140
153
184
189
173
146
152
166
154
163
157
164
195
182
173
166
188
168
179
183
183
162
167
190
184
179
180
209
201
189
182
194
221
223
196
202
242
197
211
226
195
226
201
221
219
223
186
235
213
215
207
208
217
213
205
212
197
199
210
229
215
209
222
232
220
230
222
227
228
206
225
211
224
230
235
231
238
250
216
241
246
229
231
227
241
232
233
236
244
237
242
234
239
247
243
237
238
245
246
240
248
240
249
239
247
251
245
248
254
249
251
250
254
252
253
257
252
256
256
255
255
258
257
258
-1
