148
177
172
151
223
208
228
169
143
138
161
175
132
198
199
171
209
134
140
197
172
228
176
190
137
134
162
217
160
133
168
175
217
185
178
215
173
154
225
212
174
176
163
135
205
204
192
188
200
161
143
191
186
168
237
131
179
138
214
135
150
174
173
164
142
149
219
188
190
206
156
145
132
149
185
205
219
197
194
142
158
218
194
182
155
130
152
131
204
180
150
180
184
139
196
151
136
153
183
212
183
166
167
160
140
193
208
141
130
191
199
177
171
159
178
147
170
196
158
223
221
159
141
146
144
157
154
145
137
152
133
147
136
165
139
146
164
144
148
157
165
156
167
181
222
153
163
169
184
155
209
192
170
162
166
220
201
200
213
226
202
193
186
216
179
195
231
182
210
189
207
187
187
203
181
203
215
220
189
213
211
195
221
233
234
235
210
201
230
232
224
222
202
206
198
216
211
227
233
225
207
229
224
214
257
243
235
232
226
218
236
236
242
238
244
247
229
247
246
252
231
227
230
239
244
240
249
245
241
238
242
237
241
234
248
250
239
240
245
243
256
246
249
252
254
248
251
250
251
253
253
254
255
255
256
258
257
258
-1
