180
173
196
134
160
178
148
208
145
149
164
241
147
139
227
131
166
197
137
194
181
182
176
141
167
207
205
179
165
177
190
161
132
160
141
183
159
146
211
152
188
178
162
198
197
155
171
132
137
136
181
216
133
170
144
138
213
221
155
220
163
224
232
143
156
200
223
149
164
222
130
187
231
179
151
166
133
140
212
204
200
150
147
199
144
211
195
186
243
153
154
138
143
205
209
135
142
218
158
185
236
174
145
192
156
186
194
131
207
219
157
154
175
193
130
151
174
234
212
165
167
198
140
191
135
235
136
153
209
172
134
201
158
139
168
148
157
142
150
146
162
152
176
210
173
163
159
187
201
172
177
161
184
169
180
185
232
171
169
170
182
188
216
217
203
175
168
192
202
184
190
219
215
189
199
218
189
183
191
206
238
204
214
202
214
193
195
196
208
217
203
226
247
206
228
213
227
231
248
220
226
210
229
230
215
222
239
245
221
223
225
234
236
233
230
241
229
228
233
237
242
237
224
225
235
247
240
244
238
250
240
252
242
251
245
243
244
239
249
246
248
250
246
252
251
254
253
254
249
255
253
257
255
256
256
257
258
258
-1
