188
137
213
207
130
134
171
134
198
213
204
140
143
156
228
175
214
174
214
174
226
131
166
152
163
189
181
139
195
219
157
181
208
147
192
197
169
191
154
164
136
203
237
176
146
228
229
193
208
160
159
170
148
212
191
140
163
187
135
186
138
173
164
153
192
156
201
173
155
165
161
149
144
161
239
180
177
162
154
177
142
153
176
151
201
132
142
159
133
151
211
218
216
148
216
147
138
183
233
146
196
152
179
130
137
186
150
149
206
158
217
139
183
193
187
210
135
184
162
145
230
144
131
200
230
195
132
184
212
141
133
136
143
141
145
150
160
167
171
202
168
167
166
182
224
168
155
235
190
175
157
180
172
158
165
182
169
179
178
185
172
190
189
205
170
205
200
194
221
203
196
178
185
188
202
199
204
206
223
198
221
224
194
220
199
229
211
225
222
223
210
197
244
226
215
218
209
236
225
222
220
227
209
217
215
207
233
234
237
234
231
231
236
238
242
219
232
238
227
243
232
241
241
244
242
249
247
247
240
235
245
248
240
253
243
239
252
248
246
250
249
250
245
246
251
256
251
254
254
252
253
257
255
257
255
256
258
258
-1
