192
191
206
222
175
158
183
183
216
168
200
167
180
204
150
149
233
203
138
146
149
192
220
159
184
140
154
200
204
133
135
164
163
223
162
172
137
199
170
185
174
181
164
171
151
167
191
132
137
214
215
182
163
143
177
212
180
208
144
131
172
144
139
136
132
169
140
243
157
178
170
147
142
186
199
175
189
145
161
209
207
138
141
134
202
209
153
171
158
159
156
154
222
161
201
145
182
194
178
130
157
143
153
213
134
135
177
133
147
208
160
179
142
243
155
139
193
173
148
244
237
131
207
148
130
219
166
162
197
166
146
136
169
150
179
141
152
151
155
173
184
156
188
195
152
168
160
221
174
181
176
165
188
165
215
176
187
202
198
217
226
185
190
201
223
206
228
218
195
212
193
186
240
196
210
224
187
189
205
198
219
190
196
232
194
240
203
211
205
236
220
225
197
211
227
218
228
213
238
224
214
217
221
230
226
210
227
235
246
239
229
229
230
216
234
225
233
231
245
239
231
241
234
241
238
232
242
245
235
248
237
253
244
236
247
251
254
248
242
246
250
249
255
252
250
247
249
256
251
252
254
253
257
255
256
257
258
258
-1
