177
135
218
196
168
184
149
197
209
182
209
220
131
130
147
156
224
145
149
222
151
151
152
153
152
180
146
190
206
177
175
148
164
194
137
176
166
188
176
190
158
134
164
174
141
192
193
186
172
230
160
138
219
142
171
191
154
234
185
133
204
132
184
208
193
136
140
139
227
226
169
163
178
173
138
169
144
163
223
168
182
194
202
186
178
216
165
159
132
242
203
165
191
143
225
200
155
214
175
183
134
131
136
213
220
153
222
227
161
150
157
142
228
157
216
167
188
204
159
161
197
130
148
145
160
173
144
155
133
150
135
137
156
141
139
146
140
143
147
170
167
179
154
158
162
179
189
174
233
170
181
172
166
192
187
180
198
208
162
199
185
171
198
183
199
187
206
205
200
195
181
203
189
207
205
214
218
211
219
195
196
237
221
201
201
229
225
213
212
210
212
207
202
217
217
210
221
223
215
236
251
238
232
239
233
215
211
244
226
224
231
249
228
243
232
231
235
229
230
238
242
241
235
241
246
236
245
247
234
240
246
237
250
240
245
248
247
239
248
249
244
243
254
252
250
254
251
253
257
252
256
253
255
255
256
258
257
258
-1
