213
202
151
210
150
137
153
149
172
165
176
131
140
169
148
190
134
192
175
162
152
216
183
177
146
220
237
155
133
167
180
207
186
229
170
183
164
155
189
238
140
212
191
175
163
146
236
165
207
180
214
171
239
148
200
168
182
130
182
178
209
185
160
156
135
204
170
200
198
192
160
159
189
215
158
147
167
172
133
181
147
136
131
190
130
151
141
149
174
138
164
214
199
145
162
220
138
239
191
137
144
144
232
169
179
181
132
166
139
154
225
227
142
212
188
142
135
219
224
143
166
158
156
159
132
143
223
154
163
186
134
145
193
150
136
141
161
139
161
187
153
168
171
157
179
152
173
178
176
201
157
204
197
188
174
199
173
210
194
215
208
177
195
216
198
184
209
197
185
213
206
187
205
196
221
241
194
184
196
203
208
195
226
242
193
228
205
211
217
218
231
203
206
217
202
211
222
228
201
226
235
232
222
221
223
218
224
231
230
229
233
233
240
219
246
237
245
234
230
248
225
243
234
238
227
236
235
249
244
246
252
245
240
241
242
252
250
247
248
247
251
243
250
244
253
255
251
249
254
254
253
258
255
256
257
256
257
258
-1
