167
165
202
147
136
225
185
141
205
154
151
158
180
163
155
177
175
178
214
132
152
194
215
229
143
159
160
201
184
135
157
141
150
224
144
171
218
147
198
151
172
134
159
131
140
145
200
140
187
133
222
209
169
166
173
195
162
156
166
160
180
133
168
132
137
131
154
196
153
223
207
192
138
148
182
145
150
156
135
130
174
206
224
146
213
219
177
130
155
143
182
218
188
149
144
236
215
220
195
157
139
161
142
174
194
173
210
216
199
164
229
162
153
165
198
230
206
158
168
139
172
137
237
152
185
193
161
142
178
136
134
138
149
170
170
146
190
164
189
188
148
169
163
191
186
171
176
167
176
175
191
184
179
189
186
183
190
209
196
214
226
208
212
197
181
203
203
192
181
208
183
179
204
199
201
193
187
205
197
232
210
238
219
217
232
211
204
221
200
231
217
227
212
202
234
225
233
235
220
221
213
207
242
233
211
216
235
241
234
223
227
245
222
239
228
230
247
226
250
243
251
228
240
236
239
241
231
243
248
249
244
240
245
252
238
237
250
248
246
244
242
247
246
249
252
251
254
257
253
255
253
254
256
256
255
257
258
258
-1
