134
189
149
164
168
238
223
202
194
165
136
208
175
131
145
146
199
203
143
130
162
144
153
214
160
156
159
179
138
161
157
143
197
176
181
170
214
134
142
150
139
183
146
133
165
172
154
135
147
196
174
137
141
200
179
163
140
158
153
166
219
195
241
136
181
193
201
171
144
161
138
131
225
202
222
186
151
215
169
163
221
192
205
191
243
206
207
200
187
241
133
151
172
189
207
152
173
150
132
148
190
221
199
139
167
190
195
140
193
178
197
211
157
171
169
132
147
244
130
167
149
220
158
164
227
148
170
141
184
185
152
145
137
135
142
155
177
155
166
180
176
178
154
177
173
156
168
183
187
198
208
159
188
218
162
182
160
175
185
192
180
213
191
188
210
217
182
174
184
212
218
201
213
194
205
228
186
204
209
203
216
219
198
212
232
196
224
234
216
244
238
204
217
206
209
239
220
229
210
215
230
222
240
211
224
236
231
234
225
226
227
230
237
228
231
223
232
235
226
229
233
235
233
250
237
236
248
242
239
251
243
249
242
240
245
246
247
245
247
251
250
253
246
249
253
248
252
252
255
254
255
256
254
258
256
257
257
258
-1
