133
160
132
178
171
134
137
227
169
186
180
157
161
138
216
189
133
177
178
166
135
153
209
176
137
143
179
175
170
220
150
142
225
175
163
198
173
183
164
146
239
189
172
206
146
192
231
145
144
180
156
206
210
154
143
199
192
140
139
194
168
144
201
207
162
150
130
170
140
163
198
251
195
201
211
149
191
148
182
151
167
176
154
165
149
155
215
191
173
138
229
169
135
157
162
185
182
164
207
171
212
179
172
197
203
131
131
156
186
159
203
130
204
221
147
210
152
147
193
187
153
222
167
166
199
141
142
165
136
228
132
134
139
136
141
177
158
184
155
148
145
151
152
160
159
202
161
187
224
218
181
158
168
193
215
174
220
196
190
213
174
184
183
212
219
204
200
200
208
188
185
194
197
202
226
181
217
196
211
213
190
209
188
195
205
216
222
233
217
224
205
218
221
214
242
234
229
223
235
225
214
236
226
230
247
208
223
227
234
238
228
231
219
232
242
240
238
235
240
232
246
230
249
237
241
243
237
243
236
233
248
253
244
249
241
247
239
245
246
251
244
255
245
248
252
250
255
250
253
252
254
257
254
256
257
256
258
258
-1
