198
194
135
154
210
195
191
201
136
219
157
222
138
146
186
135
189
176
134
165
162
148
211
149
150
139
216
144
204
198
232
215
226
159
139
132
210
169
141
172
182
178
175
224
173
155
197
246
172
131
224
142
156
200
180
153
209
185
189
140
204
179
145
225
151
202
193
141
149
130
228
215
157
190
133
206
177
173
155
205
160
187
162
168
156
169
147
132
153
158
176
152
144
183
177
182
130
170
227
178
217
191
200
133
174
185
230
166
161
195
205
216
181
171
158
138
175
163
142
140
137
170
137
131
211
167
181
152
143
136
165
134
187
147
143
151
148
145
150
161
196
163
160
146
164
188
154
179
164
171
168
192
174
167
166
183
202
159
184
208
188
180
186
192
209
197
190
207
203
206
199
196
207
184
194
229
214
193
201
212
235
214
203
234
223
219
234
220
218
222
199
208
221
213
221
238
217
212
243
233
239
213
240
229
226
223
231
220
237
218
228
225
244
236
230
227
236
241
233
232
242
231
245
239
252
240
237
248
250
244
243
241
235
242
238
247
250
245
246
247
255
251
248
249
251
256
249
252
253
254
255
253
257
254
257
256
258
258
-1
