224
163
156
176
175
142
171
205
188
168
144
217
149
167
144
228
225
182
136
218
183
143
139
172
174
199
170
198
221
142
196
133
201
195
164
193
179
161
139
189
141
130
165
176
165
185
200
191
143
147
138
159
166
213
152
227
149
190
229
130
202
162
177
155
205
136
151
145
203
159
160
208
201
187
161
182
202
134
178
175
194
137
203
135
147
197
162
189
138
134
219
133
150
132
239
154
233
187
192
148
166
181
196
207
150
132
146
192
216
194
131
232
193
156
153
137
190
170
154
163
240
209
180
160
131
183
236
172
186
140
135
146
141
140
155
148
157
152
153
180
145
168
173
151
177
158
181
157
158
164
167
169
214
191
186
178
184
184
169
200
173
220
223
188
206
171
179
197
208
199
210
174
221
211
242
185
210
198
204
215
214
204
195
241
211
230
213
206
231
223
228
226
217
219
212
235
209
235
207
222
220
230
212
241
236
225
218
216
234
231
224
237
240
215
222
229
254
249
234
239
227
233
226
232
246
238
237
238
247
243
244
242
250
250
245
245
244
243
248
246
247
248
251
251
252
252
254
253
249
256
253
257
255
256
255
257
258
258
-1
