151
130
160
136
163
150
148
149
166
183
197
134
171
153
229
189
170
159
206
210
216
143
185
215
176
173
169
161
165
208
157
139
144
174
225
132
186
212
157
179
200
190
136
188
163
142
217
176
232
177
179
181
164
166
144
211
140
154
135
174
167
173
142
152
167
156
133
134
198
161
181
158
175
140
131
158
214
165
177
194
162
238
133
242
138
214
141
227
137
151
172
130
194
168
196
137
180
237
175
185
217
187
209
182
145
131
159
191
143
242
210
147
187
190
189
218
132
212
205
141
156
138
215
172
139
201
148
233
149
220
135
154
145
146
153
146
155
168
150
162
147
182
164
152
160
170
155
169
197
188
171
202
207
178
204
178
192
192
195
195
183
180
199
216
209
199
203
202
193
184
186
198
203
206
193
196
200
191
207
213
221
211
184
213
229
243
208
201
224
241
222
228
219
205
224
204
226
220
223
236
218
219
227
226
235
228
221
223
240
222
245
237
230
239
225
239
234
240
234
233
232
250
236
235
231
247
230
244
238
231
245
248
243
244
241
246
248
252
247
246
253
254
257
250
249
249
251
253
251
252
254
255
255
256
258
256
257
258
-1
