152
131
227
157
196
207
178
172
150
203
146
151
192
147
205
148
130
141
207
221
157
236
189
213
147
165
183
174
143
204
137
201
168
138
138
155
140
221
208
156
135
177
229
135
136
171
200
165
175
151
162
160
172
195
145
223
133
242
179
183
186
154
176
134
163
169
148
164
169
176
188
241
175
164
199
163
159
130
201
155
209
216
195
139
211
177
140
142
219
184
206
132
143
186
145
219
173
166
179
205
167
139
131
181
162
160
198
170
167
168
192
209
153
174
185
134
152
222
213
132
171
223
204
136
188
133
146
170
142
173
137
144
144
149
161
141
158
156
150
191
212
149
161
182
153
184
196
154
159
191
180
178
187
158
166
190
202
193
226
182
194
194
181
200
203
189
232
197
187
217
180
198
185
197
217
193
202
208
190
215
225
222
225
199
218
230
211
220
214
218
228
210
214
212
220
224
210
231
206
231
232
216
228
238
229
236
226
246
240
234
224
241
215
244
238
249
233
237
235
230
235
227
234
239
245
240
251
244
237
233
247
251
242
246
247
245
239
250
243
250
254
248
243
248
257
252
249
253
253
257
252
254
255
256
255
256
258
258
-1
