214
213
136
131
178
235
140
196
227
153
170
169
180
146
198
179
186
162
162
147
188
146
212
174
208
158
138
208
165
185
184
178
191
132
186
201
156
158
152
192
223
183
149
130
183
200
141
154
237
157
152
203
156
182
133
144
142
161
210
171
223
200
172
134
228
205
148
170
231
193
137
141
151
159
133
163
150
216
219
155
137
172
157
130
165
187
160
140
181
182
197
167
142
203
213
136
175
173
227
174
246
154
191
160
173
132
139
159
212
149
167
151
143
185
231
184
164
193
150
148
161
134
222
131
135
135
168
210
145
171
168
147
138
139
143
144
190
155
166
145
177
164
201
209
153
177
180
176
175
204
176
216
195
190
166
163
188
205
209
169
194
189
199
206
218
226
179
187
202
189
229
192
196
198
181
194
206
202
218
211
204
220
199
217
240
221
207
195
197
222
211
243
225
217
207
240
214
230
221
245
228
220
215
236
230
219
215
233
225
224
229
224
234
239
249
233
232
235
234
242
242
237
226
241
238
232
236
248
256
247
243
239
250
238
245
241
246
244
247
252
244
250
251
248
252
249
254
251
253
256
253
257
255
254
255
257
258
258
-1
