189
237
208
217
172
155
135
137
187
242
152
158
206
165
175
138
163
169
165
151
203
158
230
168
175
181
160
146
176
157
140
164
133
144
151
191
166
133
148
218
146
212
135
212
226
179
157
180
161
170
150
192
132
184
185
130
197
155
182
131
182
172
153
134
189
178
141
193
215
179
188
234
159
137
162
149
171
167
190
197
205
186
185
138
139
181
132
160
225
191
136
186
140
198
131
152
141
216
243
145
174
153
163
187
142
194
164
136
156
144
208
195
143
193
147
142
169
203
143
145
156
134
148
225
139
161
180
176
130
216
147
154
192
177
199
149
167
170
177
154
184
173
210
159
162
183
150
166
178
174
204
205
168
204
200
195
209
198
188
199
202
173
190
213
201
224
207
171
196
213
222
223
207
200
210
201
194
183
196
214
228
206
217
227
215
219
220
229
219
235
211
236
202
221
218
211
233
234
233
209
239
221
214
226
235
240
227
229
241
239
220
224
242
232
223
222
231
238
243
228
230
232
244
247
254
236
231
247
251
237
241
252
253
240
244
238
248
248
250
245
246
250
249
246
245
251
252
249
255
253
256
255
258
254
257
256
257
258
-1
