185
227
131
181
142
132
174
136
209
176
202
135
153
154
189
214
178
146
194
137
141
149
201
212
213
189
140
155
161
164
154
155
204
191
138
232
196
161
162
214
181
133
187
160
133
147
191
225
139
182
159
174
215
171
130
170
138
131
165
170
173
240
145
148
152
134
143
149
200
151
141
210
150
167
203
151
132
146
186
192
158
204
190
183
165
162
197
147
190
248
142
158
144
159
206
207
226
156
199
134
156
135
157
143
183
130
172
184
187
171
209
144
167
218
205
150
179
225
228
198
198
164
173
136
199
217
179
153
205
197
139
137
140
152
163
180
163
166
175
148
145
206
160
177
203
157
176
166
168
224
196
169
188
168
172
169
213
193
207
175
177
202
231
178
185
182
180
208
188
186
184
212
221
194
218
201
219
193
195
222
219
238
192
211
226
227
220
200
195
223
232
236
216
220
211
229
221
234
215
237
208
230
216
217
210
230
223
243
224
240
249
233
222
247
235
241
231
237
234
238
229
236
228
239
243
252
254
235
244
241
233
246
239
242
248
247
242
245
244
254
251
246
249
245
250
252
250
251
253
256
253
258
255
256
255
257
257
258
-1
