177
180
143
135
147
214
207
153
145
152
144
137
202
204
148
170
138
151
149
203
141
188
141
130
182
193
176
187
147
131
244
165
160
196
145
240
133
136
165
181
157
157
193
152
142
151
154
219
199
137
179
134
230
254
188
166
192
140
197
176
135
142
195
150
133
172
206
174
173
205
171
156
209
132
221
195
194
218
131
191
216
230
143
138
168
168
178
222
210
213
155
161
201
180
166
212
150
148
233
167
144
197
226
192
184
146
164
186
162
163
161
140
169
146
130
164
213
191
200
154
208
173
160
220
132
159
194
175
185
136
134
139
139
175
149
153
155
169
158
163
186
156
181
159
158
172
178
208
200
171
187
167
162
179
205
189
202
177
183
206
240
185
184
170
199
182
189
201
190
231
183
174
190
196
198
224
219
215
209
235
229
211
204
217
207
214
198
217
222
218
211
231
215
228
203
221
227
220
224
233
225
212
225
241
238
216
210
239
232
226
227
223
229
228
235
232
247
223
234
237
244
238
239
243
242
234
236
241
237
248
245
236
245
248
243
242
247
250
249
246
252
258
254
246
251
249
251
252
250
255
256
253
253
256
255
257
257
258
-1
