144
132
212
186
158
164
171
187
167
177
169
181
213
177
134
222
175
190
179
142
204
163
189
238
179
139
159
185
155
152
194
212
146
151
166
160
208
166
192
184
182
169
133
146
156
153
141
142
170
194
191
224
215
203
137
187
175
133
181
186
161
135
207
145
160
176
131
157
189
138
135
159
155
156
216
153
132
230
196
150
199
217
206
174
130
174
198
188
140
172
209
143
137
180
206
171
165
197
139
164
184
150
215
151
210
230
210
136
152
138
205
224
130
192
147
163
195
158
147
173
157
144
165
226
161
136
149
131
234
233
140
134
145
168
143
141
168
196
167
170
148
154
173
148
178
149
201
191
200
183
162
154
172
178
193
182
162
202
195
203
199
220
180
197
214
200
221
193
176
202
190
214
198
205
185
188
183
220
219
207
211
204
219
216
213
223
222
225
244
233
232
221
231
228
218
239
211
217
208
209
201
218
227
242
234
240
236
249
225
229
227
235
223
246
226
247
240
232
228
237
237
229
242
239
248
231
235
241
245
256
236
238
245
253
243
246
241
243
250
248
244
247
249
250
251
255
252
253
254
252
251
254
255
257
258
256
257
258
-1
