143
142
164
183
144
182
159
173
137
161
216
199
163
179
218
176
173
141
167
169
180
228
130
188
139
133
134
178
137
157
158
201
152
136
187
198
156
143
161
206
155
200
200
132
176
201
140
134
157
132
159
148
165
141
195
175
149
216
208
174
228
153
136
214
150
219
144
142
177
162
225
130
160
177
209
131
181
219
164
162
189
138
189
178
167
196
217
187
180
146
174
192
150
232
206
170
239
146
152
202
149
179
196
171
185
166
163
192
182
135
239
207
153
138
169
186
199
197
188
139
184
191
156
222
160
145
131
211
133
217
147
135
154
140
168
151
158
165
145
147
172
151
148
154
170
155
193
194
185
220
190
205
166
172
203
171
175
227
168
191
183
202
181
204
193
198
184
210
186
190
195
213
205
212
209
194
230
233
225
223
197
208
231
218
221
203
213
226
220
211
204
212
215
226
224
215
223
214
232
207
221
238
210
229
236
224
245
234
222
242
235
244
241
229
247
233
246
227
235
231
237
249
243
230
234
238
248
243
240
242
240
236
237
246
241
250
253
249
250
245
247
251
248
244
256
252
255
252
251
253
254
254
256
255
257
257
258
258
-1
