221
160
158
142
155
172
216
147
178
165
134
138
149
138
199
140
177
231
148
224
136
157
192
204
198
158
140
150
227
211
168
167
146
148
232
194
145
135
201
162
130
137
227
224
141
154
139
156
185
153
173
206
190
170
182
241
192
191
213
236
143
177
190
189
141
143
195
150
176
166
199
152
160
206
152
173
165
170
171
168
214
166
133
180
159
137
132
216
131
174
157
175
186
136
187
130
209
240
162
144
179
144
169
210
134
164
161
191
151
131
175
139
179
196
133
164
163
242
210
132
135
207
201
196
200
197
146
205
142
147
149
145
156
161
183
200
154
204
159
188
155
186
174
153
202
176
151
167
187
194
163
203
188
178
184
182
181
230
202
183
197
171
169
193
214
181
235
208
198
172
185
189
217
207
184
229
180
231
193
205
195
209
203
212
222
233
208
225
218
220
226
218
219
211
220
225
217
215
223
226
247
228
212
219
223
229
213
234
222
242
245
215
234
238
221
230
232
252
233
246
239
239
238
228
236
249
240
244
243
235
237
241
244
251
237
245
250
248
247
246
248
243
253
256
250
251
249
254
253
254
252
255
256
258
255
257
257
258
-1
