188
131
135
184
134
202
193
169
218
136
206
146
188
156
147
152
137
166
208
153
181
141
182
225
197
132
178
172
142
137
163
170
215
177
207
140
211
174
175
192
212
166
194
164
144
139
156
179
146
168
225
141
136
190
177
176
163
184
201
147
194
139
185
138
212
169
239
155
168
193
153
160
151
221
157
151
204
182
134
154
130
183
180
130
224
167
145
174
148
208
195
183
197
195
159
206
176
220
148
201
133
131
187
189
150
170
164
200
221
132
155
180
233
133
187
200
142
149
191
190
251
210
196
178
161
192
149
244
135
144
143
138
140
154
150
165
157
145
152
158
143
172
167
158
162
165
171
162
199
191
181
179
159
160
203
196
161
173
199
186
171
228
185
198
175
223
186
205
189
173
214
213
222
234
203
213
210
205
202
198
231
223
226
204
235
214
219
216
211
220
207
222
226
209
227
217
215
218
235
209
243
230
217
219
224
230
240
231
228
236
227
244
239
216
229
234
232
237
242
237
238
246
229
232
245
240
233
243
238
236
252
253
250
247
241
242
245
241
248
247
251
254
246
248
249
250
249
255
257
253
252
258
255
254
256
256
257
258
-1
