217
199
206
220
179
207
197
181
143
141
144
146
253
142
206
169
188
168
172
218
160
176
216
227
187
246
184
182
228
130
180
170
141
203
192
214
153
147
155
131
167
174
191
131
166
153
201
152
130
173
142
194
185
133
162
150
136
233
138
223
217
167
145
193
194
171
164
223
213
196
165
192
137
140
152
148
181
218
145
186
204
189
174
182
132
200
149
202
234
177
216
156
197
156
151
238
211
162
154
147
165
209
138
158
175
185
134
179
139
150
132
184
177
133
134
148
151
149
227
168
136
203
169
155
186
163
160
170
135
137
143
135
140
158
139
163
164
159
161
144
154
157
157
146
172
171
196
200
161
180
159
233
173
224
178
176
188
191
166
215
189
212
193
175
187
201
178
183
183
190
198
208
195
190
240
195
204
199
219
198
202
211
215
210
230
213
207
229
225
225
231
210
209
205
221
222
219
212
221
208
224
205
220
214
229
222
238
228
226
243
236
247
231
230
232
226
236
232
245
235
237
248
239
234
235
239
240
242
243
250
237
241
248
242
249
244
249
251
250
241
244
245
246
247
251
257
252
253
255
252
255
254
254
257
256
256
258
258
-1
