157
194
180
205
209
170
195
134
143
150
223
194
138
215
167
213
157
187
202
170
183
131
139
137
153
191
159
226
243
186
174
137
224
200
144
149
146
155
232
151
156
130
155
133
135
173
167
152
139
178
191
225
160
179
134
164
160
148
150
189
179
166
142
141
184
130
140
175
216
230
182
136
169
207
207
208
198
161
145
208
223
192
166
161
236
135
172
162
163
229
221
171
163
193
210
185
189
145
153
156
176
187
154
152
143
213
184
176
229
154
201
201
237
203
209
131
174
151
146
168
228
138
210
164
133
224
177
203
148
147
132
132
136
141
144
142
140
147
158
149
165
188
158
193
171
188
190
159
180
169
162
168
186
185
183
177
199
197
173
165
212
175
182
192
181
206
197
204
172
178
190
181
200
214
211
204
211
232
214
217
220
222
202
218
217
199
196
195
206
196
222
225
205
236
219
221
234
198
220
219
216
240
239
228
212
227
218
226
233
233
215
234
242
237
231
227
240
239
238
247
231
230
241
246
249
241
252
253
246
235
235
238
242
249
248
243
244
247
250
245
248
244
245
256
250
251
251
254
252
255
253
258
257
254
255
256
257
258
-1
