194
173
143
151
146
154
212
161
201
163
171
139
197
232
133
218
203
173
197
185
169
229
188
157
227
130
132
215
185
140
174
203
141
131
177
142
215
193
211
135
159
159
153
162
191
165
167
178
166
155
148
137
234
166
143
170
160
238
204
186
164
145
208
200
223
133
163
205
138
170
194
226
137
179
153
218
146
139
130
158
189
132
175
140
167
177
206
175
186
190
155
136
216
205
164
222
165
148
144
160
154
202
142
189
195
223
190
201
196
169
150
180
151
162
149
181
135
199
204
172
134
131
178
136
174
138
219
191
187
141
134
152
144
149
147
150
157
145
158
156
183
147
192
188
176
172
168
179
192
152
184
161
156
198
168
224
176
182
196
182
211
206
171
209
198
184
199
193
181
200
212
213
180
187
195
221
183
207
226
207
230
208
210
217
213
225
238
241
202
224
209
227
214
219
239
222
221
214
210
228
216
236
231
241
225
235
217
220
220
242
233
228
230
233
240
244
236
237
243
244
231
234
232
250
240
243
229
242
245
235
237
246
249
247
239
249
253
247
245
251
248
252
246
252
250
248
251
253
257
254
256
254
255
255
256
257
258
258
-1
