169
195
152
186
208
171
177
144
150
250
192
160
179
215
148
149
175
197
153
132
169
138
195
163
151
134
171
222
209
165
249
212
198
151
226
168
172
182
179
174
165
149
158
130
135
170
207
199
196
191
204
147
164
219
162
167
135
156
187
183
186
146
176
137
157
166
153
210
192
235
241
215
136
172
214
145
140
148
209
139
188
178
152
130
155
217
141
155
200
161
142
145
131
190
178
227
189
187
157
198
201
140
207
203
143
138
134
202
142
181
137
132
164
131
201
144
208
160
150
139
184
163
146
147
205
136
182
237
141
177
133
133
167
143
189
154
173
159
162
166
168
180
170
154
156
175
159
180
193
173
185
161
174
158
185
197
183
217
188
196
191
211
176
202
194
206
199
193
211
184
221
194
220
181
216
221
224
229
223
190
220
213
214
204
227
200
222
228
229
210
230
228
206
205
225
203
231
213
235
223
216
212
218
232
238
233
232
248
225
243
219
218
245
230
237
243
239
224
233
240
226
234
240
238
236
248
231
244
247
246
234
242
242
236
239
241
244
246
247
252
251
250
256
249
245
251
253
253
252
255
255
254
254
257
256
257
258
258
-1
