155
211
138
184
165
156
197
182
140
164
178
170
171
193
221
211
130
194
215
193
144
145
163
170
143
179
135
186
148
212
182
195
134
132
139
179
151
137
156
147
175
216
238
183
199
167
222
152
137
177
164
171
176
153
142
145
166
130
208
160
132
173
201
169
174
161
216
146
140
135
155
165
185
204
139
172
178
213
200
240
154
185
131
134
198
149
183
177
157
159
152
239
187
196
192
131
160
142
210
141
161
197
163
169
212
172
151
180
230
227
210
168
159
204
136
138
225
174
157
181
209
196
144
184
133
224
150
181
150
208
133
162
141
136
149
153
143
158
154
168
147
146
167
148
189
180
191
166
188
158
173
205
202
162
189
205
186
195
188
175
190
215
192
207
190
200
191
203
176
221
187
230
217
222
223
194
198
228
232
206
226
231
220
202
232
206
201
199
226
219
218
203
207
217
218
214
233
238
229
219
220
234
225
236
214
213
241
209
237
235
229
224
233
228
237
240
223
247
242
236
241
227
234
250
243
246
235
247
231
239
245
244
245
244
248
242
243
246
254
250
251
252
249
248
251
252
254
249
257
253
255
253
256
255
258
256
257
258
-1
