133
181
173
163
209
192
194
217
133
206
178
155
238
145
179
168
176
214
140
149
231
140
131
173
141
200
195
198
151
147
188
135
221
144
136
130
210
231
153
186
191
212
233
138
207
221
190
199
137
182
210
175
154
217
226
134
132
141
150
179
201
152
193
177
167
172
163
169
184
146
174
135
160
172
144
181
185
145
161
157
159
207
249
143
168
156
178
224
136
146
190
165
169
156
142
191
166
138
180
219
218
166
171
153
220
149
192
200
180
147
151
206
142
154
165
158
204
227
185
139
175
130
150
131
137
132
171
229
204
170
134
143
162
139
162
161
164
152
148
157
183
164
174
203
148
160
158
170
189
211
159
167
155
193
187
214
208
195
177
182
176
205
184
202
183
186
220
199
196
203
216
213
194
187
198
188
216
189
211
232
230
215
235
197
197
196
225
208
222
205
201
202
213
224
223
227
230
222
212
234
209
215
218
235
219
238
236
233
225
248
229
236
228
223
232
234
237
226
240
244
228
241
239
242
243
240
246
243
257
239
237
252
242
253
244
241
251
245
250
245
248
246
254
247
247
252
249
250
251
255
253
256
254
255
256
258
257
258
-1
