135
193
151
131
240
180
135
245
134
141
154
158
136
177
187
188
170
179
144
177
148
176
222
226
172
215
130
216
217
166
167
186
167
155
140
140
219
171
141
145
146
185
218
188
172
139
209
168
245
165
143
236
199
162
148
195
170
161
156
147
164
198
133
196
161
151
160
179
212
156
237
219
176
218
157
180
190
144
214
150
225
138
160
175
231
186
159
142
225
150
181
210
187
155
213
220
130
133
159
198
137
208
181
228
166
138
191
154
163
139
137
163
212
191
132
152
182
169
206
196
184
145
168
203
132
229
147
203
131
153
134
142
136
149
146
149
152
175
171
143
183
174
169
158
189
157
153
182
210
173
173
164
162
189
178
202
165
197
178
201
221
204
174
200
184
205
200
205
207
194
207
195
222
183
211
190
211
194
192
217
185
230
193
197
201
208
202
206
204
192
213
199
223
227
227
209
216
232
231
230
234
239
235
224
226
215
229
221
236
235
224
214
228
233
243
223
220
234
246
237
232
238
241
233
248
249
246
241
242
244
242
238
250
243
240
239
247
252
253
248
255
244
251
247
249
256
254
251
250
252
254
253
255
257
256
258
257
258
-1
