228
245
134
188
179
180
223
153
132
206
183
135
157
131
195
133
152
224
174
205
210
162
203
158
156
143
146
174
136
241
159
171
186
183
177
205
192
130
209
161
225
144
151
227
176
201
133
155
138
130
163
139
222
207
232
145
153
150
168
230
166
175
154
137
198
212
194
148
193
171
173
189
179
210
139
178
217
187
232
182
149
209
155
147
140
160
169
220
187
198
148
159
147
173
182
197
203
197
141
150
142
135
181
134
192
162
163
225
152
202
204
215
181
131
160
194
233
145
167
154
170
164
137
188
156
169
141
228
193
132
142
149
140
138
136
177
165
144
143
158
157
146
161
165
151
196
167
191
166
185
185
164
180
216
184
190
168
184
175
170
186
172
178
214
218
176
199
221
196
172
213
191
219
189
199
215
200
195
208
226
204
202
220
200
190
219
208
222
230
206
211
207
201
212
231
214
244
211
234
218
213
217
224
231
237
226
243
223
227
240
229
233
221
216
235
238
246
240
234
238
236
237
229
239
243
245
241
247
236
247
242
250
242
249
235
244
239
252
246
248
250
248
254
255
251
253
249
255
256
251
253
252
254
256
257
257
258
258
-1
