136
193
154
200
188
220
173
152
160
170
138
176
219
141
206
243
172
132
138
199
149
144
133
146
222
139
227
171
152
208
182
222
147
157
159
149
135
148
145
229
177
179
147
170
131
223
202
180
159
206
195
166
223
133
142
162
163
143
156
169
216
202
151
165
205
164
195
150
179
231
137
199
169
158
139
188
215
161
154
157
178
137
134
186
192
163
160
177
208
141
201
178
146
207
130
198
172
182
151
228
175
167
140
144
153
158
131
150
205
171
168
132
236
210
143
185
180
207
234
191
166
156
193
134
161
130
192
174
213
198
135
142
136
155
145
140
148
162
184
173
174
164
155
190
165
153
187
203
181
167
191
197
216
194
233
187
168
196
189
218
224
175
181
184
186
185
189
225
176
196
190
183
211
194
183
197
204
201
230
210
220
209
200
214
229
204
212
203
221
211
209
217
226
234
212
221
225
246
224
217
215
228
218
214
235
240
232
236
213
244
241
226
242
227
237
219
238
231
230
248
232
233
235
251
242
237
248
245
247
238
241
239
239
240
243
250
246
249
245
250
251
244
247
255
249
257
253
254
252
252
258
255
253
254
256
256
257
258
-1
