156
177
138
144
190
164
160
142
210
136
201
152
147
164
132
185
215
134
171
186
223
223
202
167
180
232
199
155
149
211
143
162
250
177
141
246
214
218
179
179
131
159
153
196
180
151
192
172
175
148
147
174
171
161
150
176
145
146
137
139
216
184
208
173
193
151
166
149
154
162
174
152
226
181
196
135
159
204
212
217
198
155
169
131
245
133
211
146
173
145
141
140
186
166
167
187
203
156
168
130
206
225
130
140
188
225
135
230
201
163
194
232
143
188
132
185
137
161
148
220
136
154
182
175
158
163
139
176
134
172
133
153
138
144
150
157
142
165
170
183
158
160
178
157
168
169
183
189
213
221
181
200
202
165
182
199
190
242
170
195
178
191
184
213
192
207
198
205
200
197
189
187
227
205
207
197
215
193
203
224
195
217
229
194
209
218
222
191
226
219
208
206
234
228
204
214
228
236
237
229
209
222
221
210
224
238
227
219
216
212
236
235
235
231
251
230
233
233
249
220
231
239
234
237
240
239
241
245
240
238
241
243
243
244
250
242
249
248
255
246
247
244
247
248
256
258
252
255
253
251
252
254
253
254
257
256
257
258
-1
