196
167
247
152
187
159
151
142
149
165
202
142
217
186
206
192
150
149
166
164
226
212
180
144
131
189
148
221
170
154
239
201
180
175
194
182
163
133
174
195
135
138
194
222
168
152
208
200
145
198
201
183
138
231
146
154
191
166
185
168
143
132
174
228
190
172
185
172
193
160
230
219
176
146
171
197
141
178
199
131
141
145
143
209
193
213
134
135
179
133
161
225
163
156
159
147
221
182
184
132
153
137
137
205
157
162
156
158
238
173
199
130
136
144
134
190
161
214
173
198
226
160
130
187
208
209
139
157
178
151
147
140
136
139
150
179
140
169
148
181
153
158
167
162
191
207
184
155
177
177
203
169
171
155
183
203
164
165
211
204
170
189
210
176
181
216
192
200
230
195
197
211
207
175
229
228
186
188
188
219
227
215
224
204
239
205
206
223
196
232
232
218
233
216
217
202
215
214
210
222
213
233
218
220
236
231
225
223
240
212
234
224
227
229
235
237
220
246
251
240
236
241
244
234
238
237
235
249
242
253
244
241
242
245
243
246
243
250
247
249
251
252
254
245
248
250
248
254
257
255
253
252
255
256
256
257
258
258
-1
