130
139
189
182
165
225
151
150
174
218
175
157
164
135
149
146
219
180
198
143
212
157
183
202
168
170
177
141
162
136
144
214
195
201
191
173
166
154
152
134
179
158
238
130
169
233
144
237
159
145
184
138
150
156
205
200
185
155
214
155
181
171
215
205
234
181
235
194
187
145
156
146
200
137
135
140
158
197
182
198
167
164
208
162
169
183
159
168
193
206
190
203
219
136
174
131
140
186
195
148
196
170
189
137
163
149
132
142
151
209
207
206
133
201
166
167
154
187
232
212
152
211
163
131
141
148
132
220
209
160
134
133
143
138
147
142
161
139
153
176
177
210
172
147
165
213
160
153
193
192
178
161
194
172
179
186
180
192
184
199
171
173
185
207
208
196
175
204
176
197
228
203
223
178
199
216
223
213
224
188
188
227
211
222
190
215
191
204
202
218
229
224
217
231
216
227
222
210
217
237
220
228
241
240
221
239
233
229
230
249
248
232
230
226
225
221
236
226
238
234
244
242
235
231
239
246
243
246
241
251
240
236
252
244
247
249
243
245
242
250
248
245
247
251
255
250
253
252
253
254
257
254
256
255
256
258
257
258
-1
