213
209
139
143
161
163
132
170
158
179
169
198
149
141
213
160
130
217
226
131
164
178
184
212
219
135
137
187
185
185
151
166
142
144
230
130
180
165
134
187
152
205
193
182
136
169
183
162
136
149
138
229
228
173
132
195
205
152
197
175
139
180
228
150
148
181
135
186
226
142
147
147
207
201
174
141
154
170
145
176
218
131
145
166
189
160
133
174
133
153
239
216
146
177
150
196
164
183
134
233
192
172
159
159
157
167
163
192
143
176
215
155
196
154
165
197
182
202
171
155
202
218
144
208
179
184
212
229
190
215
137
138
146
140
157
172
171
156
148
140
156
188
158
153
201
162
151
161
173
168
200
167
189
181
178
175
168
195
190
191
208
194
191
206
200
193
177
203
199
214
186
204
199
204
209
203
211
206
224
211
198
188
224
210
225
250
232
222
233
194
220
238
207
216
243
222
217
221
214
223
232
235
234
223
210
225
244
227
231
221
238
237
251
219
227
230
220
235
241
240
242
237
241
231
236
239
243
242
236
246
234
245
245
248
240
244
249
255
247
251
253
252
246
254
250
247
249
248
253
252
256
255
258
254
257
256
257
258
-1
