178
142
213
180
160
157
187
187
199
130
199
149
180
173
188
192
182
174
220
202
231
132
143
211
213
148
164
135
207
156
169
179
235
244
169
176
134
222
149
146
170
175
216
167
209
137
181
230
198
154
239
205
130
144
214
158
158
209
181
200
161
222
137
155
157
159
173
215
204
194
131
153
134
204
151
153
161
174
162
189
168
142
176
141
184
131
165
144
133
166
162
156
146
139
132
184
135
214
141
150
143
171
138
192
186
203
163
138
203
140
147
189
188
139
226
152
148
167
150
216
198
145
245
218
182
195
200
166
223
140
133
136
147
136
152
165
177
151
145
172
185
155
190
179
171
193
154
164
159
163
175
160
191
170
183
196
207
212
197
177
196
172
183
202
208
168
206
185
186
190
223
221
191
178
201
195
229
208
219
194
210
201
205
211
193
220
197
218
229
221
217
206
236
225
217
240
228
224
210
246
215
224
226
245
234
225
238
227
212
232
219
237
238
239
241
240
232
236
227
228
231
230
246
233
237
251
234
235
241
233
242
242
243
244
247
253
248
247
243
249
250
248
256
253
252
249
255
250
254
252
251
256
258
254
255
257
257
258
-1
