220
167
130
153
132
137
160
225
144
167
191
201
140
227
136
137
192
171
198
166
183
130
198
143
211
173
199
248
165
152
210
228
147
169
214
134
176
153
146
185
169
203
189
181
141
155
215
143
207
184
162
208
163
151
134
152
218
161
189
156
156
229
190
154
161
177
151
176
160
220
146
133
179
173
200
133
163
140
170
135
149
177
187
158
145
184
180
203
172
164
215
145
178
191
162
159
168
131
131
204
196
175
195
206
229
138
227
183
243
132
180
186
154
208
142
175
219
195
150
224
186
148
138
218
233
194
155
150
166
147
148
135
136
142
139
139
157
158
141
157
144
185
149
200
159
165
193
179
172
202
196
181
174
168
188
170
199
182
171
174
164
205
217
193
237
188
209
197
212
187
178
182
190
201
232
205
210
192
213
209
207
222
213
222
194
197
204
223
219
221
202
221
238
212
231
211
206
216
235
231
230
216
238
226
233
237
247
224
247
217
235
214
236
223
250
225
228
234
241
242
234
239
226
232
246
252
230
240
244
246
250
245
236
239
241
242
249
244
240
251
245
243
253
255
249
256
251
248
254
253
252
254
255
256
258
257
257
258
-1
