169
178
217
184
169
144
200
159
249
222
177
142
167
209
191
139
151
193
165
152
188
214
210
183
201
136
202
241
148
161
233
133
130
161
160
219
211
181
205
177
171
166
143
155
173
198
132
172
228
168
170
179
191
149
139
189
180
135
135
195
197
190
204
145
229
213
188
223
156
199
154
153
173
213
154
203
163
137
217
196
133
189
162
160
144
141
143
185
131
142
167
150
150
222
137
163
164
146
134
183
174
136
157
174
210
140
216
165
178
153
205
130
159
147
171
198
134
176
176
140
236
145
155
149
201
131
180
146
200
211
132
138
138
151
141
152
162
158
182
182
175
147
148
164
166
186
215
208
157
175
156
168
187
202
158
195
172
181
170
186
192
179
225
194
203
206
193
197
218
190
207
185
225
194
228
184
187
192
226
212
199
196
207
221
204
206
224
235
208
237
232
220
227
215
238
234
212
221
239
223
231
233
220
237
209
249
218
224
230
229
216
214
226
219
239
240
231
247
242
247
232
236
242
238
227
230
248
235
234
245
245
244
244
250
241
240
243
243
250
246
252
246
251
252
251
248
254
254
256
255
257
253
253
255
258
256
257
258
-1
