156
154
189
162
163
203
176
177
180
164
197
212
154
157
169
166
159
130
132
133
135
161
211
148
150
149
179
151
214
187
204
202
198
153
217
142
177
165
185
158
130
172
133
169
231
206
147
173
138
235
147
134
168
160
216
186
214
141
175
221
171
167
220
151
203
175
146
138
190
212
197
150
158
155
191
153
144
131
161
165
178
174
162
194
234
137
213
234
134
160
202
166
139
205
182
232
216
186
156
208
189
185
213
142
180
146
155
143
139
232
163
157
236
209
199
167
171
132
164
188
179
135
143
172
141
152
144
137
201
152
131
136
140
168
136
159
140
145
204
184
145
149
199
195
178
148
193
187
170
173
182
188
181
200
200
170
176
192
190
174
196
201
198
236
183
215
210
223
193
196
184
227
181
207
192
195
215
205
183
191
194
224
206
209
207
208
223
229
220
225
211
221
227
219
238
224
210
218
244
241
239
217
230
218
231
225
228
219
226
228
243
248
230
229
244
222
235
222
240
233
226
239
238
237
249
241
248
233
247
242
237
245
253
240
242
246
249
252
243
254
245
250
247
246
254
251
255
250
251
253
256
252
256
255
258
257
257
258
-1
