178
176
147
145
160
158
161
166
140
186
169
189
167
163
136
140
153
223
219
145
130
196
141
244
141
148
160
131
137
175
188
146
192
157
169
203
185
195
197
161
152
197
152
133
166
214
131
155
225
182
177
168
225
230
217
132
167
144
221
178
157
155
146
226
150
149
184
191
189
159
205
138
148
196
165
149
211
151
170
147
142
163
179
204
158
210
134
135
180
187
185
200
216
139
171
143
218
176
134
168
244
201
172
211
159
137
177
139
130
171
138
182
192
223
228
210
173
215
164
135
153
233
204
151
144
164
181
150
199
136
132
133
142
156
156
143
174
173
154
165
172
162
175
188
203
162
154
212
193
194
183
170
195
222
180
181
183
201
174
219
179
222
193
217
190
202
220
198
206
191
190
226
212
187
207
184
207
199
208
186
209
239
200
224
194
202
216
215
198
208
214
231
227
205
206
240
234
241
213
228
232
229
224
220
240
209
213
237
231
238
235
230
218
233
237
250
236
229
232
221
227
235
241
239
242
243
236
234
243
249
248
251
248
238
256
252
242
245
245
254
246
247
247
250
246
251
255
249
255
254
253
252
253
257
256
258
257
258
-1
