131
140
143
140
175
184
163
225
198
235
203
180
157
178
177
169
134
201
148
144
181
203
141
185
179
151
190
143
162
160
180
157
137
179
201
131
216
174
139
184
237
187
148
170
155
147
172
130
145
196
178
176
153
195
168
194
155
170
133
205
146
142
191
188
149
235
135
156
205
130
146
197
167
154
141
200
162
163
173
239
228
165
135
145
134
138
161
193
183
136
181
204
166
167
138
202
227
213
132
159
210
187
199
166
204
151
152
164
161
216
208
191
149
192
139
142
133
164
137
136
175
159
206
190
200
231
160
168
172
173
132
150
152
186
174
144
169
150
182
221
158
171
147
153
158
206
165
192
215
176
156
154
212
185
219
236
182
194
177
189
226
212
171
195
186
193
211
189
210
208
211
209
199
197
183
220
219
207
230
233
227
214
223
229
222
188
207
214
226
215
224
202
198
232
196
213
240
223
209
224
237
220
228
218
217
217
222
236
247
218
229
231
221
225
246
230
240
242
233
232
244
249
243
245
246
242
238
248
234
241
244
234
238
247
245
239
241
254
251
252
253
243
252
248
251
249
250
250
255
253
254
255
257
256
257
256
258
258
-1
