143
156
131
139
218
154
182
159
156
143
170
191
138
135
146
135
170
158
134
197
198
227
154
147
160
210
150
193
134
151
161
190
137
187
220
240
211
188
192
131
161
163
146
173
165
162
206
155
168
185
213
174
212
166
152
139
186
132
133
173
207
174
162
144
187
144
231
238
130
201
136
188
234
210
148
178
169
212
184
194
152
171
209
155
160
141
231
145
180
136
175
164
167
171
180
184
179
215
133
196
141
175
218
147
198
204
205
183
149
165
211
151
176
132
142
164
150
172
169
214
191
130
183
145
157
182
194
203
195
158
137
149
140
140
138
167
153
172
148
196
142
201
177
185
163
179
177
176
217
153
200
157
168
181
208
159
189
202
193
178
197
166
181
192
228
200
190
189
207
215
186
206
229
217
203
213
195
199
205
235
220
202
219
204
221
216
247
223
214
232
199
224
208
225
245
234
221
230
219
209
237
222
226
216
233
222
232
223
224
233
242
229
227
228
239
243
226
225
236
246
242
235
239
237
241
230
248
243
236
241
244
238
245
248
240
253
251
255
250
249
254
247
244
252
253
246
250
249
251
256
252
255
254
257
256
258
257
258
-1
