206
175
215
168
222
179
179
142
136
140
145
177
156
196
222
173
130
221
142
137
132
152
135
192
231
144
184
185
149
161
185
143
138
143
138
242
213
155
162
206
209
174
203
186
224
201
139
204
182
178
214
188
164
214
233
240
133
141
167
154
198
145
202
133
159
165
135
144
187
201
211
163
147
169
147
134
228
164
146
194
166
136
139
170
146
176
134
176
153
160
170
239
131
152
188
212
137
217
161
141
168
149
148
130
151
197
140
151
194
154
178
184
160
159
171
162
175
190
211
177
181
158
186
173
204
167
166
212
213
156
131
132
150
148
172
181
150
191
155
180
153
180
190
169
157
199
174
163
183
189
157
158
189
200
195
207
165
171
200
202
182
208
208
218
196
224
172
187
210
205
193
207
191
245
218
199
209
183
198
217
195
205
210
220
197
241
216
192
193
203
240
221
232
234
238
236
232
226
230
219
219
225
237
223
216
227
237
220
226
225
215
229
248
223
228
238
241
242
230
239
227
235
231
233
229
234
235
236
249
247
250
248
257
244
251
249
243
247
244
243
246
252
252
245
246
251
254
254
253
250
256
255
253
258
255
256
257
258
-1
