185
235
162
144
193
157
164
185
147
164
231
130
160
138
151
204
132
163
194
165
188
170
198
154
163
213
183
221
136
190
213
189
223
180
165
187
161
136
169
143
152
215
208
135
200
187
216
148
207
196
147
145
176
155
160
158
171
232
208
131
146
176
209
193
205
130
170
186
148
211
216
180
149
139
223
195
138
186
190
210
139
219
195
171
134
202
194
168
132
175
146
137
191
220
153
221
202
204
201
153
133
173
131
145
155
192
141
229
214
184
133
141
142
243
157
172
220
154
142
143
140
140
188
162
161
175
183
167
159
137
150
134
156
168
135
169
144
166
150
149
179
166
151
172
152
156
159
178
182
177
182
181
206
177
158
173
167
174
205
178
198
212
207
191
201
203
181
197
174
189
227
197
184
222
196
179
218
199
214
222
215
230
192
226
200
219
211
225
237
199
209
206
203
236
233
245
234
217
226
212
235
228
217
218
242
210
230
224
233
224
225
229
241
231
227
238
250
254
232
240
241
236
228
239
240
245
248
234
248
242
239
246
238
243
237
244
247
251
247
244
252
249
251
246
249
253
250
255
254
255
253
252
256
257
258
256
257
258
-1
