180
140
153
164
191
175
148
155
130
185
151
133
191
200
192
147
244
200
159
214
169
205
181
186
170
199
143
165
158
186
176
194
150
207
182
135
157
178
208
131
139
149
211
184
144
193
165
210
135
227
133
171
148
176
136
167
163
228
179
229
149
219
225
132
134
210
205
187
150
144
154
170
174
141
161
154
137
146
188
167
181
158
188
219
162
193
174
152
198
236
155
172
131
237
177
151
147
134
164
212
138
180
146
137
130
145
160
156
156
198
171
213
185
132
207
145
162
204
183
169
143
161
139
179
178
168
230
163
141
157
136
140
138
153
142
190
142
173
166
159
152
214
166
208
172
190
187
212
189
202
177
217
173
168
160
202
175
201
228
195
203
216
196
189
184
216
195
209
192
183
182
209
196
217
221
211
197
201
206
226
204
231
199
194
215
215
224
213
231
235
218
197
232
235
230
223
203
206
220
226
220
222
225
218
233
222
240
246
221
237
233
238
227
229
234
224
236
223
242
234
238
239
241
232
243
243
249
239
241
242
244
240
248
252
245
247
251
248
245
247
255
253
246
251
250
252
250
254
249
254
255
253
256
257
257
256
258
258
-1
