205
171
172
148
200
193
144
186
143
134
161
184
140
157
155
152
133
168
154
176
181
229
179
187
143
148
223
204
204
158
173
149
158
229
169
163
142
165
162
186
189
132
199
153
141
189
147
151
137
138
194
213
202
155
174
150
208
183
179
132
178
221
157
228
133
160
146
172
135
235
165
156
202
173
130
211
177
166
153
197
141
166
159
136
231
227
144
178
140
177
191
171
188
142
181
216
167
216
170
174
207
136
192
197
198
231
214
217
134
131
163
145
137
206
209
170
150
147
242
139
130
169
196
228
156
164
164
161
188
211
131
138
205
135
139
151
146
152
149
145
195
159
175
184
168
180
162
154
167
180
185
175
193
160
218
201
201
185
207
192
190
208
190
176
225
219
203
187
210
214
215
224
203
196
199
182
183
198
191
220
182
195
212
242
225
200
209
212
194
220
210
247
206
217
226
234
223
240
238
222
221
215
226
224
236
234
232
219
218
213
230
238
222
243
245
249
246
237
239
233
235
239
230
227
252
233
241
248
236
237
232
243
251
241
240
248
250
246
256
244
245
247
244
255
251
249
255
252
250
253
253
254
256
254
257
257
258
258
-1
