146
179
155
163
132
184
130
161
215
134
220
157
181
148
184
139
227
133
179
185
139
141
203
178
175
171
159
189
191
189
159
167
162
232
207
220
201
138
137
172
241
140
177
136
185
170
152
173
190
200
137
164
143
215
198
234
172
154
221
167
180
197
216
182
230
158
186
208
223
218
194
212
150
178
144
204
217
225
174
142
199
130
173
151
160
136
135
208
160
152
202
201
192
187
205
149
142
175
155
145
230
180
143
149
145
171
229
132
140
144
170
153
164
187
174
186
166
177
134
209
198
165
157
161
138
153
131
158
135
168
131
133
141
146
181
169
151
148
156
147
165
150
176
210
154
162
147
156
183
168
193
183
166
222
188
182
196
191
169
163
195
210
176
236
231
195
207
188
204
199
224
205
194
219
202
192
197
221
209
226
219
196
212
193
233
232
190
203
222
224
213
225
217
211
200
214
211
206
213
206
238
223
218
216
214
238
245
237
235
228
233
242
227
235
242
234
236
229
226
228
248
240
243
244
246
231
237
249
240
247
244
239
251
247
248
239
250
241
252
251
249
246
243
245
250
252
254
255
253
256
253
255
254
257
256
257
258
258
-1
