174
222
150
167
185
142
133
138
163
138
202
195
135
147
153
233
235
162
156
173
170
207
160
164
176
154
146
142
217
165
130
134
221
240
160
132
198
150
201
240
166
178
161
203
154
136
186
157
181
211
213
183
136
182
182
194
169
151
149
224
226
137
139
170
184
146
135
171
168
209
152
141
140
179
145
193
203
215
158
144
163
155
175
196
133
167
130
177
149
189
162
227
177
199
134
189
131
148
207
159
173
186
197
204
192
220
191
181
176
139
208
156
221
171
145
147
148
202
220
215
224
159
140
168
144
155
158
197
161
166
131
132
137
141
151
169
193
143
153
143
174
175
165
190
152
178
157
228
194
198
172
180
164
191
196
192
199
183
184
187
210
188
206
223
190
206
205
179
204
172
185
200
225
219
180
208
201
188
211
187
200
209
218
195
223
247
222
228
218
217
216
212
205
214
219
229
239
241
214
232
216
236
226
213
234
238
212
232
210
230
231
234
225
235
229
248
238
230
227
233
231
243
237
241
246
245
239
249
236
252
247
242
237
243
242
244
244
251
252
250
248
246
250
257
245
253
249
254
251
256
255
254
253
256
255
257
258
258
-1
