162
227
211
219
155
182
140
164
188
176
203
200
192
224
166
215
172
145
139
183
217
157
148
197
149
170
182
130
195
151
156
178
147
165
165
185
146
131
230
138
135
152
160
135
151
137
159
132
133
193
200
162
229
166
146
132
143
141
171
136
193
180
147
144
216
152
171
174
164
189
140
177
133
183
191
169
174
143
145
176
209
205
148
222
161
167
234
196
153
136
139
177
142
175
213
238
187
159
172
137
209
190
203
149
144
235
189
201
130
214
198
150
150
156
153
180
155
188
191
202
218
179
158
239
198
142
160
169
134
194
131
134
163
154
141
138
173
158
167
186
168
154
179
199
201
218
184
190
163
157
185
175
161
195
173
223
196
187
186
204
211
207
184
168
170
178
194
232
181
205
212
208
215
181
204
199
229
210
217
197
213
206
210
245
228
221
206
192
212
208
233
228
202
214
224
231
226
225
216
220
238
233
236
226
207
223
220
242
232
219
221
241
227
237
234
222
246
230
225
243
248
252
250
236
231
248
235
241
237
239
240
242
247
249
244
252
249
240
243
244
247
251
245
254
253
246
255
257
250
253
251
256
254
256
255
258
257
258
-1
