171
207
207
140
157
130
228
141
154
148
153
198
180
185
203
191
155
155
218
169
190
224
204
179
134
214
183
165
222
233
137
215
201
159
169
231
174
185
219
163
141
133
173
237
167
162
150
152
146
163
178
201
213
132
168
149
195
138
138
153
148
151
177
139
147
232
190
157
198
171
160
184
135
188
136
238
137
160
178
168
145
147
193
208
199
200
134
180
192
215
191
170
199
175
228
197
187
151
136
176
131
216
146
158
149
159
161
181
145
144
197
131
189
202
170
144
166
152
143
130
154
206
132
186
133
162
227
194
229
172
135
150
140
142
139
156
143
142
172
164
179
173
156
182
216
165
175
161
193
158
167
181
164
166
196
206
174
176
177
200
210
189
192
186
184
182
195
188
194
187
221
236
211
210
205
183
208
209
224
209
217
203
234
220
196
212
205
211
202
225
221
214
217
212
230
229
226
227
219
223
204
218
230
243
247
226
231
223
213
225
220
248
235
241
249
244
233
232
222
239
240
238
253
242
251
235
234
239
241
240
243
236
245
237
247
242
246
249
252
244
246
245
255
248
252
251
253
250
250
256
254
254
257
256
255
257
258
258
-1
