220
211
175
210
168
163
165
133
130
169
148
247
155
175
171
190
205
134
164
197
148
166
205
187
131
173
230
146
133
198
173
152
194
141
192
144
150
153
186
181
171
233
138
156
183
153
141
188
172
160
194
220
147
187
137
149
190
204
206
182
138
197
188
172
200
134
191
140
135
157
151
151
202
159
140
201
142
149
164
139
131
142
177
152
170
216
159
219
132
146
150
166
170
196
180
179
236
185
157
191
145
165
136
212
168
209
184
222
139
169
156
132
182
202
130
227
184
162
210
136
155
158
135
201
206
137
162
241
193
217
144
143
145
143
158
189
147
154
167
209
160
154
163
161
161
176
180
181
174
167
174
192
176
178
199
231
207
193
185
183
186
199
208
178
196
189
200
215
195
203
214
177
179
217
214
203
223
213
221
211
226
204
243
195
230
224
222
231
213
221
207
224
208
198
242
216
218
212
245
229
240
227
238
218
225
223
219
226
215
225
228
244
235
234
234
228
229
237
232
241
239
237
249
232
243
239
240
235
238
242
246
233
252
251
236
250
247
244
248
250
254
254
252
245
248
246
251
249
253
253
255
257
256
255
257
256
258
258
-1
