146
234
244
191
134
188
170
167
213
208
133
159
175
175
143
223
143
137
184
131
136
132
173
167
241
138
193
130
240
176
200
193
156
214
185
135
211
158
132
203
201
225
249
136
165
155
142
174
131
182
147
182
133
153
159
210
196
163
223
137
187
153
213
155
181
151
216
145
194
237
141
140
134
150
162
206
192
151
139
206
209
200
185
177
161
184
171
221
161
198
179
183
169
169
210
186
187
152
181
154
146
148
164
204
171
172
168
180
150
173
214
166
135
130
199
160
180
198
141
138
172
139
140
145
190
142
191
162
144
154
148
158
178
160
149
157
149
144
165
174
179
147
157
166
190
164
163
156
152
195
201
168
176
207
195
177
197
208
212
218
170
183
197
178
189
188
189
220
234
224
186
207
202
217
216
227
205
202
209
219
203
230
222
229
199
194
228
215
192
196
219
215
212
205
227
226
228
204
221
225
236
217
211
218
224
220
231
236
242
233
222
230
235
231
241
229
233
232
238
239
226
242
247
237
232
238
239
246
235
244
243
245
256
245
250
240
243
252
246
248
248
252
247
253
249
250
251
251
254
253
255
254
257
255
256
258
257
258
-1
