185
158
134
202
152
134
162
163
192
186
169
222
130
139
147
165
144
180
205
206
235
183
155
187
137
131
187
188
167
151
166
181
211
136
160
155
130
204
182
138
205
200
210
159
240
135
170
138
190
212
231
141
142
209
246
167
168
181
135
148
231
147
169
146
229
242
171
131
173
237
143
186
153
140
208
179
142
175
201
149
133
183
145
137
184
179
162
227
198
148
139
218
136
191
154
161
208
150
202
172
141
190
178
156
175
151
172
203
132
165
184
132
143
146
178
195
215
161
252
213
176
170
159
144
149
180
164
174
163
158
133
150
145
140
168
152
177
157
216
153
160
192
166
193
188
156
196
177
154
164
173
182
157
174
194
189
219
171
195
176
197
207
185
198
189
204
201
226
197
223
191
212
213
194
216
210
193
196
199
206
199
214
214
209
215
221
203
207
234
221
223
239
211
225
224
217
200
225
224
230
222
232
230
219
243
229
226
234
236
228
227
220
217
228
241
218
220
233
246
238
244
232
233
240
238
244
237
245
242
235
241
248
236
243
255
249
245
249
239
248
247
252
253
247
250
251
250
251
254
255
254
257
253
256
257
256
258
258
-1
