162
134
231
176
235
175
198
175
151
207
204
201
192
139
148
194
203
161
191
143
240
130
169
147
132
170
195
152
233
179
146
188
143
144
150
211
165
183
163
135
177
132
228
189
200
167
183
142
211
148
216
133
190
140
229
147
198
149
137
159
130
164
174
152
204
193
167
178
237
134
142
223
190
160
157
138
170
180
141
139
155
188
156
166
150
210
154
212
176
145
157
136
216
230
133
131
213
225
208
138
165
151
153
203
178
186
146
206
163
141
197
197
237
168
180
173
164
202
174
154
144
153
155
161
191
131
145
159
226
192
135
140
149
136
158
137
166
156
169
185
181
160
168
193
162
189
201
172
158
182
171
222
173
171
179
187
184
209
199
200
184
226
172
182
208
205
177
229
181
187
186
213
227
194
196
214
202
218
220
196
210
215
185
217
214
199
195
215
218
205
212
230
219
220
224
243
227
206
209
224
207
221
221
238
217
225
246
238
239
234
235
223
241
219
222
232
250
233
228
239
243
241
236
231
232
234
245
236
240
242
245
242
244
254
253
246
244
249
247
248
254
252
251
253
248
249
247
250
252
251
256
257
255
255
257
256
258
258
-1
