209
230
146
242
174
191
239
170
207
162
192
159
197
146
216
170
131
183
150
159
234
186
179
135
132
171
165
152
135
133
136
217
141
201
163
223
132
175
133
169
212
197
149
131
231
171
166
134
148
161
175
208
198
181
187
209
214
141
202
154
190
134
167
144
214
142
217
173
183
169
150
166
154
189
238
176
206
218
225
138
177
187
157
165
160
157
155
212
139
138
204
231
186
147
174
215
137
216
185
195
177
140
219
149
223
130
163
178
139
130
190
204
196
151
145
168
167
137
160
191
213
224
148
136
179
147
173
143
182
192
142
156
143
144
153
145
156
158
176
140
164
172
158
153
161
181
168
151
155
152
180
180
185
195
182
194
172
164
162
210
213
200
193
184
221
202
218
205
199
201
189
184
203
200
178
188
228
232
211
215
199
198
188
207
236
193
229
194
210
196
211
245
205
203
237
220
206
226
220
243
233
219
221
208
228
232
243
224
227
222
235
241
222
227
245
230
239
248
234
229
226
244
246
225
247
246
235
233
237
236
242
240
240
244
238
247
241
248
253
250
251
251
252
250
249
249
256
252
253
254
254
255
255
256
258
257
257
258
-1
