192
193
157
205
177
226
183
166
152
225
210
212
160
197
217
176
182
130
156
196
181
166
146
165
145
206
207
135
201
168
169
208
150
134
159
139
164
178
225
160
152
221
195
169
162
136
215
221
153
201
196
154
209
144
171
219
182
174
137
250
178
203
153
143
210
148
138
137
168
197
180
170
132
159
134
192
149
222
148
146
151
189
136
163
209
181
131
183
145
149
144
208
158
200
242
140
138
132
194
141
155
139
135
165
167
187
193
157
186
133
207
147
198
233
175
177
147
206
131
229
154
190
130
162
195
190
143
155
172
140
133
142
170
156
175
142
171
141
161
173
151
185
150
202
163
173
184
172
194
176
161
198
191
188
188
180
158
164
216
185
179
202
200
179
167
203
212
227
237
228
184
215
174
187
227
186
222
235
211
199
189
191
223
216
204
218
223
213
220
199
217
232
214
204
232
229
214
236
205
211
213
238
220
218
224
230
236
224
230
219
239
243
228
245
233
226
231
241
239
238
234
237
247
241
235
248
250
231
246
244
240
234
240
249
251
247
249
243
242
245
244
246
252
248
254
251
252
253
257
255
253
254
255
256
256
258
257
258
-1
