158
162
230
169
155
137
136
170
213
171
190
140
151
185
182
164
228
191
221
188
192
223
196
228
159
205
189
212
157
146
144
154
134
198
181
185
156
176
169
194
165
144
193
214
142
193
188
139
202
138
133
172
238
235
173
135
145
184
211
153
225
166
196
194
143
132
182
155
168
130
143
159
175
187
136
202
217
167
221
222
142
211
192
199
135
141
237
200
132
174
216
138
133
213
238
179
149
152
150
191
160
134
207
149
147
197
148
200
140
180
230
151
168
165
150
137
145
177
131
190
181
171
172
166
183
130
152
184
167
141
131
146
157
139
148
161
153
164
158
170
147
163
156
160
195
161
204
189
186
154
163
206
175
162
173
207
178
174
224
198
178
187
180
177
206
183
195
179
197
210
176
201
224
201
205
203
215
186
209
236
203
227
222
208
227
209
210
218
208
204
220
244
226
199
216
226
212
229
217
243
225
219
219
235
215
234
214
220
218
232
231
237
232
242
223
234
231
248
246
239
244
233
247
229
233
241
245
236
241
243
242
239
240
249
245
251
250
240
255
246
248
250
252
258
247
249
251
252
253
254
256
253
257
254
255
256
257
258
-1
