159
141
188
185
213
176
138
205
164
218
238
184
240
195
145
227
143
173
180
155
134
163
231
177
170
228
198
201
142
238
194
244
160
154
209
161
157
155
147
189
204
200
159
214
144
142
197
224
137
166
160
171
227
151
153
154
137
203
147
169
193
132
158
156
130
212
248
182
158
175
222
131
157
214
140
143
175
190
199
153
166
135
133
152
167
195
136
148
178
230
167
187
183
144
136
177
197
181
163
141
146
148
206
174
169
130
149
131
186
138
164
135
170
192
226
200
213
151
173
185
165
188
145
190
132
206
182
156
139
134
140
133
150
139
149
146
152
171
179
179
168
165
181
205
150
172
161
211
191
172
192
162
183
176
198
207
208
168
162
189
191
184
202
180
174
193
178
186
199
221
201
222
194
210
226
217
196
224
207
215
223
187
203
211
196
225
219
202
232
233
208
232
220
204
221
234
215
229
218
216
209
216
240
219
212
217
236
220
210
225
235
233
236
230
237
235
241
223
246
231
241
229
228
239
237
245
239
234
243
250
246
243
247
242
245
242
248
253
257
249
244
247
251
252
250
254
249
253
251
255
252
254
256
255
256
257
258
258
-1
