187
173
136
176
141
149
147
183
144
171
130
199
190
151
192
232
192
135
163
151
177
153
207
145
181
134
204
193
178
180
182
236
201
191
140
133
214
175
154
167
147
173
140
248
167
184
174
137
136
180
157
170
150
215
251
135
195
219
160
152
164
155
152
133
148
134
181
200
194
161
230
142
164
143
174
131
156
149
214
216
162
132
178
157
204
210
142
146
189
205
176
150
169
195
190
218
198
196
130
144
188
197
211
201
153
187
186
170
230
224
161
183
146
138
199
138
163
202
193
159
200
188
148
159
156
131
189
191
137
237
165
132
141
139
145
139
155
165
185
166
143
172
158
221
171
202
162
158
179
154
223
160
203
177
168
166
175
169
168
206
208
172
185
213
197
208
212
179
213
225
209
218
206
186
226
211
194
184
182
198
196
220
210
227
235
207
219
232
203
216
229
222
220
222
217
226
223
241
205
215
209
237
217
212
225
247
236
224
221
234
231
228
234
233
235
239
229
233
228
227
240
231
247
238
246
253
239
245
242
240
249
246
251
243
238
241
243
242
244
250
249
255
248
244
245
252
254
250
256
252
257
255
253
254
256
258
257
258
-1
