150
181
155
168
134
167
131
148
145
196
178
139
143
141
187
166
186
179
175
134
182
138
176
157
199
218
174
193
132
180
169
209
144
135
140
159
137
210
221
176
197
209
171
193
164
155
151
190
154
187
183
171
142
229
207
130
204
205
232
145
220
190
197
202
146
133
149
177
161
135
227
227
174
152
181
133
184
157
219
216
165
160
182
161
191
164
138
172
172
200
250
149
192
202
163
132
214
200
156
140
189
224
131
163
205
224
185
146
154
142
130
139
143
136
180
158
162
229
210
234
136
148
153
156
194
183
160
165
222
223
158
141
137
147
152
150
159
147
144
166
175
153
151
173
167
203
169
211
188
191
168
170
188
162
185
198
204
184
177
201
194
199
173
206
198
179
211
170
178
208
215
195
206
225
212
186
192
201
208
195
212
196
189
213
213
219
220
230
226
203
216
222
242
217
226
207
225
214
243
236
231
215
217
218
241
221
232
240
228
230
238
228
231
233
247
233
235
244
223
235
242
239
240
234
250
236
246
241
237
245
239
248
238
237
251
251
246
243
247
245
244
253
252
249
256
252
249
248
253
255
254
257
254
257
255
256
258
258
-1
