145
203
206
143
162
210
236
237
164
151
214
131
168
187
156
139
233
182
166
208
160
241
200
140
149
133
162
196
186
133
155
225
205
210
172
158
226
185
235
190
152
172
198
175
171
161
197
148
144
150
166
193
201
192
179
203
211
167
134
154
150
147
145
200
157
148
181
169
195
228
142
159
195
184
231
198
207
169
197
165
202
132
186
229
132
171
194
156
161
175
130
157
177
151
137
176
253
226
158
144
190
152
136
163
141
176
139
173
170
149
143
160
189
182
177
135
196
135
168
153
130
232
154
136
181
140
173
137
134
219
131
138
142
146
216
138
155
178
141
147
167
146
159
163
187
180
174
164
153
180
178
184
213
179
165
170
174
205
188
183
192
199
214
194
191
183
191
204
189
185
188
230
230
231
218
193
223
201
220
208
209
215
206
213
212
211
209
216
204
218
217
199
207
224
224
219
222
215
202
228
220
229
227
225
242
212
240
221
239
223
242
234
217
238
221
235
222
245
227
233
243
236
245
250
234
248
237
240
239
232
244
243
241
252
247
238
249
252
251
246
246
250
244
249
248
247
256
251
255
255
253
254
256
254
258
257
257
258
-1
