143
164
217
138
139
160
229
149
130
204
145
146
197
130
237
140
161
186
196
177
159
224
222
193
158
188
160
155
157
137
182
233
176
202
162
171
153
136
147
164
200
221
172
159
206
215
142
141
152
156
179
201
196
145
135
212
131
199
163
218
165
173
186
214
198
206
236
151
140
217
152
174
230
205
132
189
153
165
136
169
131
211
144
137
229
149
135
154
166
228
183
180
193
175
168
176
178
158
141
156
242
134
171
134
148
139
162
146
200
188
163
148
154
190
170
190
174
132
187
170
214
161
169
227
183
180
172
179
143
185
133
133
138
157
142
192
173
144
155
150
191
151
150
221
185
147
168
182
181
207
201
167
187
203
166
210
181
167
184
215
198
192
184
177
189
178
220
194
213
175
195
218
199
210
191
240
208
195
203
222
197
231
211
223
202
209
219
205
233
226
216
225
194
213
231
204
224
220
223
208
212
207
238
209
219
232
228
244
232
235
216
240
234
234
241
227
246
236
235
248
226
225
239
239
237
230
242
241
243
250
247
244
255
238
249
249
250
253
243
252
251
245
245
248
246
251
247
253
252
254
256
256
257
254
255
258
257
258
-1
