217
144
183
197
180
159
166
212
151
203
149
205
154
170
216
179
130
158
176
168
177
156
159
201
230
149
178
206
199
184
190
142
162
209
196
139
147
157
200
177
138
165
148
180
209
204
171
139
153
132
218
169
210
131
131
188
136
153
194
130
154
173
166
231
236
213
138
237
161
152
219
174
198
235
141
160
175
167
219
143
133
132
225
163
134
208
141
161
133
184
190
191
169
156
179
165
160
151
206
185
185
136
200
241
135
173
163
168
197
150
232
211
205
137
178
134
135
152
158
182
146
233
137
146
211
186
150
171
181
144
142
143
140
145
140
162
145
170
175
155
164
148
207
155
167
147
164
172
157
195
176
195
192
172
214
189
210
217
193
193
182
181
183
174
187
188
186
201
224
202
199
192
187
198
222
196
204
202
231
191
194
203
220
229
215
223
208
189
224
207
223
221
216
226
220
228
229
228
234
221
212
213
230
218
215
214
232
247
222
241
243
243
227
239
245
226
242
227
225
234
247
236
235
240
233
244
239
238
248
238
248
237
242
246
253
250
240
252
249
244
246
250
255
254
245
253
252
251
249
251
256
254
257
255
257
256
258
258
-1
