194
247
158
206
166
143
132
141
166
162
226
185
154
221
150
136
162
177
182
133
144
130
171
154
140
221
148
152
208
150
177
134
188
171
236
137
165
130
195
227
164
134
189
139
156
146
135
149
174
133
155
182
204
223
145
175
169
203
207
146
147
135
138
147
139
175
145
136
149
186
142
194
157
199
163
156
164
141
157
181
246
187
213
173
137
169
176
153
212
178
161
168
216
197
198
144
190
199
193
165
188
143
152
201
159
170
191
204
179
180
142
170
173
167
183
198
138
180
218
140
131
174
183
208
203
185
189
225
206
200
131
132
148
151
155
153
181
176
151
161
163
158
210
167
179
168
192
187
160
178
159
172
202
220
160
172
186
232
219
214
184
218
184
205
191
196
201
209
211
195
202
209
210
214
197
217
193
190
200
228
196
211
224
205
192
253
226
227
230
228
219
217
215
237
231
240
213
216
250
207
222
215
236
222
235
234
212
233
230
225
220
224
243
223
232
234
238
239
229
241
242
248
229
233
237
231
245
235
240
245
239
254
244
238
242
248
246
252
241
250
244
251
243
249
249
253
247
251
252
255
254
256
258
257
255
256
257
258
-1
