134
136
133
151
163
165
191
145
188
149
160
186
135
210
155
173
182
206
161
156
190
157
232
190
166
219
184
168
158
143
176
181
156
145
193
138
220
132
192
152
141
170
207
188
139
159
146
183
140
157
228
169
143
146
130
189
133
149
201
202
139
148
195
209
187
203
228
206
155
199
216
130
159
218
142
178
233
194
212
167
164
197
216
204
185
160
169
131
158
207
209
135
180
134
140
222
150
142
153
165
166
154
144
194
231
147
132
138
164
172
205
213
137
144
221
131
154
205
136
174
237
162
152
171
148
225
162
161
202
168
151
137
147
178
150
172
153
141
171
167
181
180
175
199
183
187
200
177
163
176
179
222
175
204
198
186
179
170
174
191
201
182
184
224
208
189
192
193
173
212
177
226
197
185
195
214
234
221
196
215
203
196
215
210
200
225
217
214
219
249
218
211
213
224
236
217
229
198
208
211
243
226
220
223
237
227
247
229
235
239
230
231
239
238
235
242
234
238
241
227
243
233
223
244
240
232
230
241
236
244
249
242
240
245
247
254
250
248
245
246
255
255
248
253
246
252
251
251
250
252
256
254
253
257
257
256
258
258
-1
