136
207
185
154
193
173
181
142
190
192
162
150
146
185
226
170
158
168
175
235
136
193
143
183
169
150
154
141
202
164
171
225
204
215
153
218
132
217
187
132
227
161
204
164
180
177
167
147
188
139
202
213
148
243
143
152
169
186
131
184
131
156
167
135
234
189
168
218
133
196
174
163
211
186
148
145
183
130
130
172
177
134
152
171
191
203
219
141
156
211
138
138
144
146
160
174
188
153
226
180
181
149
206
147
161
140
142
175
155
145
176
172
151
179
135
184
182
196
137
178
187
163
200
198
155
134
227
159
166
203
133
144
140
137
139
151
165
149
157
162
199
157
199
165
159
160
166
176
194
179
190
158
198
212
197
205
216
191
173
170
195
207
194
201
201
195
178
223
192
213
205
182
197
189
217
215
221
210
206
210
209
231
230
219
229
230
214
228
229
212
221
222
241
223
208
209
220
231
200
224
233
243
214
208
235
220
224
225
245
222
216
236
237
233
238
228
239
232
237
232
240
238
239
242
241
244
234
246
240
236
257
242
248
247
246
248
252
244
247
249
252
245
249
251
250
254
250
253
251
253
256
256
254
255
255
257
258
258
-1
