214
173
182
178
169
170
131
219
170
172
197
195
164
201
155
204
163
181
210
168
156
142
146
158
180
130
135
157
207
184
137
208
174
154
185
140
179
190
135
177
171
144
150
146
184
182
137
140
161
136
147
176
134
139
230
211
141
169
152
133
159
237
242
179
145
154
183
206
160
153
201
221
139
172
188
132
240
185
166
195
164
217
162
148
144
210
138
196
196
158
166
131
152
230
218
143
151
194
143
175
209
236
153
138
130
224
168
159
202
208
180
200
141
147
192
194
173
198
189
174
189
136
167
132
202
134
155
215
160
133
156
149
148
142
198
151
145
157
183
163
149
161
165
190
171
193
167
176
150
165
162
187
223
175
225
191
199
203
186
192
178
187
193
188
177
186
217
191
213
216
200
216
222
197
181
218
227
225
226
219
199
233
213
205
239
209
212
231
212
203
204
206
220
207
221
238
220
214
211
205
229
215
234
235
224
244
236
228
227
241
229
223
231
233
226
246
243
228
232
222
232
237
247
245
239
246
235
242
234
251
240
241
238
253
249
248
248
251
249
244
243
245
250
252
247
254
250
255
253
252
254
255
256
256
258
257
257
258
-1
