159
217
134
130
146
204
150
144
161
135
173
207
163
132
157
216
145
208
167
155
171
154
185
190
164
137
227
168
134
140
240
187
144
160
182
192
143
131
197
180
154
137
170
227
225
179
149
159
188
174
147
139
136
233
135
141
165
133
168
191
208
205
207
178
155
160
193
210
145
141
204
142
130
142
223
220
230
202
149
184
131
223
157
173
175
228
150
152
138
197
162
143
238
165
151
176
166
196
184
191
216
148
198
244
188
174
213
172
136
183
153
158
170
222
146
133
221
182
148
181
147
206
169
164
180
193
138
198
163
181
179
132
140
139
151
158
167
153
161
156
156
177
212
189
200
162
172
166
152
201
175
176
186
177
232
187
195
183
211
186
199
169
194
212
202
171
178
213
185
221
215
206
189
211
196
194
190
203
210
214
215
222
205
218
201
209
199
203
192
219
195
217
224
224
200
218
234
209
220
214
219
232
235
235
236
241
237
228
247
225
231
226
229
226
237
241
236
249
246
231
240
239
229
239
230
242
233
238
249
244
254
242
243
234
245
246
255
247
248
250
245
250
243
254
248
251
252
251
256
252
253
253
258
255
256
257
257
258
-1
