186
157
212
190
155
175
130
185
162
141
136
142
197
158
153
183
199
178
146
151
204
186
193
189
203
178
151
131
156
197
168
139
164
211
158
154
170
157
199
132
146
198
138
162
193
150
135
138
229
223
179
137
202
159
152
154
161
145
133
149
202
203
187
220
168
166
139
147
145
210
144
171
171
218
132
134
231
137
133
194
141
169
233
189
142
215
160
134
130
156
201
160
191
219
167
143
204
165
200
149
176
184
148
143
152
182
165
172
215
184
196
173
144
136
243
167
166
219
153
159
213
188
207
177
208
230
240
150
147
250
131
140
135
163
140
181
174
170
169
148
180
155
176
221
173
194
175
163
161
205
174
188
195
172
177
181
205
227
164
182
224
179
183
195
222
187
191
180
217
185
196
206
190
209
207
214
211
209
206
200
192
192
208
216
210
223
233
214
198
201
227
225
216
226
221
213
225
239
218
212
232
230
244
245
226
242
228
224
236
217
235
222
220
235
250
231
234
234
240
236
238
237
237
232
241
229
244
228
242
241
243
249
245
239
238
246
247
248
248
246
249
253
256
247
251
252
255
252
253
257
251
254
254
256
255
258
257
258
-1
