149
148
205
196
227
195
145
141
210
188
143
247
157
214
132
176
186
170
207
140
139
154
166
151
134
150
161
154
183
182
233
241
185
135
209
168
136
195
143
152
168
147
165
211
141
201
136
191
192
164
200
130
155
197
238
202
233
135
160
169
177
163
158
230
211
179
142
146
179
133
137
145
144
190
218
153
150
197
194
182
153
178
219
172
144
227
134
166
152
206
137
228
163
172
242
132
131
188
238
151
139
212
175
170
183
185
205
199
193
131
206
202
180
161
160
209
192
130
148
147
159
167
175
164
210
184
142
156
155
146
133
138
157
138
171
174
158
156
140
159
174
167
162
162
149
165
173
191
190
198
176
189
187
184
189
180
171
198
181
177
169
173
178
224
194
181
200
204
204
223
186
213
220
199
187
203
207
208
193
201
240
221
217
214
231
196
236
215
226
203
222
208
225
231
226
216
229
217
236
212
216
234
232
223
213
234
220
229
215
230
219
218
235
221
224
225
237
237
249
222
247
232
243
228
240
239
242
241
254
235
245
239
248
256
243
246
244
253
251
244
248
246
245
249
250
252
251
250
256
253
252
254
255
257
255
258
257
258
-1
