145
226
190
166
208
145
154
160
171
151
152
195
215
238
223
202
139
191
131
215
187
205
191
181
138
168
131
165
185
245
139
167
157
178
135
156
195
221
137
209
183
146
156
150
190
162
212
183
221
133
151
185
148
142
189
192
144
143
237
182
136
143
163
244
202
222
193
132
186
134
233
150
198
153
164
196
177
149
135
181
157
166
177
142
231
201
182
169
175
136
141
213
179
158
208
162
198
170
137
184
233
175
206
144
174
192
172
172
171
188
155
133
161
165
146
167
180
132
163
194
141
158
130
134
196
178
140
186
153
130
138
147
154
140
152
155
160
147
159
174
159
169
149
173
148
168
205
176
200
176
187
170
173
184
161
164
203
217
188
193
204
220
214
210
180
240
189
244
199
179
206
203
199
197
204
194
201
197
216
217
207
229
213
207
211
234
214
235
210
219
224
234
228
211
218
219
236
200
222
209
223
231
225
216
232
226
225
229
212
227
220
227
224
218
230
238
237
232
230
245
235
246
240
228
246
243
241
239
247
249
236
243
242
241
239
242
253
247
248
254
255
250
248
251
249
253
252
251
250
252
255
254
258
257
256
256
257
258
-1
