163
222
147
165
154
136
134
132
188
214
137
136
190
142
181
209
131
189
155
183
147
187
167
158
195
168
157
221
141
161
141
201
199
173
153
145
170
204
164
169
174
134
159
165
207
130
154
162
203
206
152
194
232
130
163
140
139
152
149
197
188
171
184
210
139
143
175
196
153
219
177
213
205
209
240
198
171
176
143
187
135
179
166
225
186
131
191
182
138
224
148
156
210
142
189
180
177
133
216
138
166
185
173
155
168
198
219
181
146
174
151
205
200
218
215
146
190
206
144
151
185
132
144
148
226
159
133
145
140
191
135
170
137
182
160
150
167
150
178
172
162
161
179
176
197
164
149
212
158
183
160
169
157
213
186
156
199
180
208
217
172
193
178
192
227
196
214
175
194
230
200
184
208
193
212
195
201
207
220
228
223
215
202
233
192
204
223
211
216
237
236
203
224
217
202
234
211
222
235
243
221
249
230
225
233
239
242
228
220
226
232
229
227
218
231
241
231
237
243
251
229
238
234
244
235
248
238
240
245
241
245
252
239
246
236
242
244
253
247
258
248
250
250
246
249
247
251
253
256
252
254
256
254
255
255
257
257
258
-1
