198
136
222
195
163
241
210
138
225
195
135
200
138
169
162
189
147
180
182
197
153
196
139
148
137
137
141
173
158
149
161
231
135
139
131
182
171
235
246
159
158
204
181
199
167
133
198
130
215
244
147
203
223
212
185
134
164
167
160
175
178
173
242
193
184
204
146
159
154
188
134
171
211
192
172
145
144
140
225
187
237
163
156
142
170
162
184
130
131
186
218
152
201
172
200
210
132
185
239
143
133
190
180
190
179
175
208
141
151
153
151
166
152
157
142
160
174
214
223
169
148
154
146
199
149
215
228
132
176
170
136
150
150
174
155
155
145
140
165
144
157
186
143
161
166
183
181
156
205
191
177
179
192
176
164
201
165
168
187
183
177
168
206
216
188
209
178
217
213
202
194
197
203
205
189
196
219
217
212
207
208
235
191
193
207
218
202
213
234
194
211
240
209
234
227
214
221
206
239
230
236
216
224
221
226
220
238
229
236
224
228
226
233
229
222
232
220
219
227
233
245
231
232
249
243
241
237
247
240
230
238
252
251
243
256
246
248
242
245
257
254
244
247
250
249
253
248
250
251
252
253
255
254
255
257
256
258
258
-1
