134
199
145
222
157
208
161
170
144
153
151
217
165
203
140
182
138
169
132
130
178
166
174
197
225
221
204
200
187
215
160
167
174
205
172
187
163
142
189
147
196
186
180
155
236
137
139
132
193
166
176
141
146
158
227
147
151
138
214
183
162
177
143
177
182
199
161
171
130
144
189
211
192
178
170
202
135
185
133
140
158
131
135
168
148
184
230
208
227
149
190
214
136
157
145
231
167
162
172
148
150
223
183
179
173
179
156
163
194
191
191
223
153
206
245
159
141
159
195
201
169
133
194
155
152
139
171
205
238
136
131
134
142
143
137
152
156
146
175
149
160
190
154
154
150
164
175
168
176
192
188
185
164
180
186
196
173
197
181
193
215
213
198
165
209
224
188
204
216
198
184
181
226
231
212
202
210
228
201
219
213
195
211
200
212
210
203
232
207
247
228
220
207
224
206
236
229
239
240
217
232
221
209
219
230
218
218
234
225
220
216
222
229
235
226
249
235
238
251
234
241
239
233
233
242
244
237
252
242
237
244
246
246
257
243
241
240
253
247
250
243
245
249
248
250
248
252
251
254
254
253
255
255
256
256
258
257
258
-1
