193
168
194
198
135
217
147
227
178
185
182
149
196
160
199
171
162
164
173
175
141
204
174
197
142
195
149
148
185
159
178
206
242
202
201
157
177
161
181
203
152
135
189
174
218
132
164
186
182
145
161
150
158
216
165
147
132
238
160
190
143
130
243
170
162
190
155
187
192
214
137
175
153
215
142
145
184
230
138
150
191
136
130
209
133
180
167
172
131
143
172
189
140
140
179
213
246
176
165
139
152
207
173
208
156
146
148
141
156
151
209
233
171
154
221
219
154
134
157
169
163
159
138
146
207
169
136
236
186
167
131
133
134
137
144
168
155
139
151
144
153
177
158
179
166
170
163
202
192
180
183
166
204
211
210
216
184
181
176
188
203
220
191
200
201
183
200
205
199
244
212
208
196
193
198
219
188
195
218
206
187
210
241
197
225
231
194
212
215
225
223
229
224
221
222
227
233
247
214
226
205
223
222
211
226
229
228
217
235
213
234
239
224
238
243
220
247
235
232
237
234
228
236
237
241
230
242
231
245
232
249
245
239
244
240
251
240
248
254
250
253
250
249
248
246
255
255
251
252
253
252
254
256
257
256
257
258
258
-1
