207
139
165
151
146
162
202
180
182
160
131
178
187
163
141
170
183
200
156
155
137
194
171
162
214
217
140
224
158
158
150
227
133
194
152
157
179
218
136
195
213
138
172
136
174
137
149
173
130
209
191
156
144
134
223
236
139
188
166
179
145
213
203
159
195
134
202
191
185
135
152
211
212
206
154
206
192
150
181
176
224
132
187
151
186
130
169
198
138
185
193
148
164
171
184
153
222
141
159
155
178
145
132
217
197
201
172
143
143
182
146
183
216
167
135
207
177
196
190
247
160
133
204
236
142
154
174
223
131
147
140
144
173
142
149
161
163
201
175
148
157
168
147
175
153
170
164
196
161
166
215
180
165
203
167
212
169
208
205
176
177
189
168
199
200
186
204
210
231
211
189
231
225
184
181
205
192
216
237
210
188
214
190
198
193
197
221
220
226
208
222
199
226
251
209
228
240
235
219
219
229
221
218
225
232
233
239
227
234
241
220
215
230
230
229
232
249
237
239
235
233
234
243
228
249
243
246
252
244
252
238
245
240
238
242
250
253
241
248
245
242
244
248
256
247
246
255
253
251
250
254
255
254
257
257
256
258
258
-1
