180
194
130
134
142
210
161
187
168
135
194
172
139
177
208
155
190
164
210
159
157
180
242
225
191
200
203
219
175
163
170
143
184
131
141
160
151
143
190
135
153
204
141
177
182
166
231
146
162
166
145
175
147
144
202
136
145
185
138
196
198
220
133
197
222
208
220
217
168
148
158
153
173
204
162
152
142
209
215
132
235
183
173
152
174
160
146
155
174
212
138
133
245
235
167
169
207
132
171
137
176
187
156
169
182
130
192
144
181
147
134
131
193
183
139
167
222
151
213
231
170
163
179
154
140
202
148
217
189
171
149
136
156
137
150
150
149
140
157
158
172
159
165
154
193
164
189
178
165
186
192
184
188
209
195
199
161
191
185
181
196
205
228
207
201
178
203
197
186
179
188
176
195
218
216
228
227
198
206
232
216
199
201
225
206
230
211
236
236
224
211
239
200
223
240
221
212
215
234
205
214
233
214
224
213
219
221
227
226
229
218
230
229
226
223
241
237
242
245
240
237
234
233
241
248
244
244
238
246
247
232
239
238
250
247
253
252
243
246
249
243
251
252
248
254
253
255
249
250
255
251
257
254
256
256
257
258
258
-1
