168
232
223
218
136
151
208
186
212
156
140
180
182
224
215
228
172
168
130
231
144
154
159
208
131
171
148
166
188
169
238
184
178
150
203
177
155
205
139
189
220
163
196
218
224
160
183
173
158
198
135
198
165
133
217
186
194
202
199
180
166
173
193
148
142
151
132
237
197
188
141
174
209
226
136
146
190
211
157
162
159
234
175
153
141
239
178
182
209
161
234
164
167
152
149
200
156
142
144
157
207
171
163
179
155
145
133
135
138
191
184
131
139
147
203
143
134
215
187
231
183
158
137
191
149
160
130
204
132
146
134
137
153
154
143
140
147
138
152
165
162
145
150
195
172
170
175
174
169
199
179
161
164
177
176
167
197
205
192
210
190
201
189
185
176
202
181
214
170
185
195
187
194
236
196
219
201
181
206
225
221
213
222
193
192
206
213
212
227
200
237
223
230
216
207
210
216
226
241
204
214
221
217
222
232
211
227
219
229
235
233
230
241
245
220
235
233
229
239
247
228
225
236
242
246
240
251
238
245
243
246
253
242
240
247
244
248
243
251
244
252
249
249
248
253
254
250
252
256
250
255
256
254
258
255
257
257
258
-1
