202
238
169
225
217
131
161
203
149
195
139
138
206
207
211
130
218
165
184
154
131
167
170
137
154
199
164
186
155
145
159
156
146
166
201
166
159
191
172
148
223
229
157
147
189
182
160
176
183
150
179
205
167
209
141
182
209
138
164
141
177
140
158
146
224
210
218
187
160
134
137
155
196
162
229
171
143
151
174
186
200
233
210
136
133
149
219
181
178
150
144
135
145
195
136
198
133
196
173
232
153
232
143
161
134
156
132
135
162
188
157
235
205
179
211
130
193
169
180
172
189
144
226
158
148
198
177
200
190
176
132
140
139
142
147
152
142
152
170
151
168
173
171
168
153
174
163
175
175
181
165
185
194
190
183
180
197
163
224
208
222
178
185
193
194
202
203
231
208
184
216
192
191
214
197
215
221
206
192
187
188
213
204
215
235
216
225
217
201
220
212
199
207
220
214
221
228
204
213
237
222
240
212
228
234
245
219
247
227
251
223
246
241
233
237
227
242
236
226
230
242
239
236
234
231
230
239
240
252
245
244
244
251
243
238
246
250
241
253
249
243
247
248
248
250
249
256
254
254
252
255
255
253
257
256
258
257
258
-1
