190
136
136
146
141
220
175
143
138
161
163
133
139
148
140
210
177
147
181
167
178
173
238
151
191
181
137
131
160
145
186
219
137
131
195
169
145
130
204
211
197
198
190
184
135
150
134
175
148
156
149
201
163
159
162
194
188
217
142
133
151
171
226
186
130
170
201
176
147
135
230
174
196
152
132
224
223
153
158
164
159
218
235
180
204
197
212
149
172
203
134
237
157
144
168
154
142
156
182
164
158
189
189
153
200
161
185
154
162
174
183
141
191
185
169
209
167
166
192
140
236
206
150
199
132
152
178
177
143
168
144
198
139
146
160
165
138
157
179
155
171
166
195
155
187
165
207
170
172
192
193
188
214
179
203
182
194
200
206
213
208
208
176
216
199
173
187
184
193
221
207
205
210
202
180
233
213
196
233
202
232
217
183
218
205
247
224
215
222
221
219
228
241
214
211
226
244
229
225
212
229
231
234
225
209
222
235
231
215
227
227
220
239
228
216
232
238
223
237
253
249
240
242
240
245
242
230
234
250
251
239
236
241
249
243
248
248
243
252
244
245
246
250
246
247
252
255
253
251
255
256
257
254
254
256
257
258
258
-1
