163
141
226
207
194
168
167
155
198
167
171
180
181
209
171
218
144
131
157
242
133
142
185
161
130
239
180
143
188
188
163
181
169
152
165
231
182
200
220
146
140
134
196
135
183
179
150
210
131
186
203
137
210
149
161
162
135
221
130
206
185
230
136
153
145
189
216
225
176
189
156
206
219
207
192
184
132
195
234
222
159
155
142
179
174
145
168
157
147
144
138
146
136
187
219
160
190
217
139
141
165
208
151
140
199
226
132
154
183
134
169
133
143
211
162
156
137
205
170
153
191
177
164
164
223
203
172
154
221
150
166
139
151
138
173
170
159
147
158
149
158
148
152
172
178
166
148
178
191
160
174
175
201
184
177
196
173
193
190
175
204
200
182
198
187
194
197
202
192
186
176
211
213
214
195
197
215
199
218
223
213
244
246
193
229
205
215
216
229
212
224
201
212
222
208
209
225
235
202
227
233
204
214
231
232
240
235
241
236
228
247
220
217
250
237
232
237
238
224
227
236
238
234
228
230
243
251
239
245
242
252
248
233
241
243
240
253
249
250
246
245
244
247
254
248
251
252
256
249
253
254
256
255
255
258
257
257
258
-1
