182
138
202
201
221
162
132
197
150
166
158
148
187
186
180
160
148
167
141
149
146
178
139
172
138
226
198
171
204
131
204
135
170
145
135
192
130
168
178
190
166
140
134
159
220
137
196
210
160
173
182
176
179
136
191
134
203
183
214
163
152
235
153
140
137
158
198
141
133
208
157
151
173
221
139
131
155
189
195
142
184
174
132
212
150
130
213
186
236
233
171
159
199
188
165
207
151
157
179
142
133
202
180
188
215
136
169
174
200
156
154
168
193
145
147
163
185
218
208
181
156
200
143
184
152
196
195
206
227
191
143
144
164
189
144
146
147
155
165
170
149
153
162
161
154
167
175
172
161
175
169
181
176
164
217
190
187
206
211
203
225
199
205
177
209
183
177
185
207
205
212
209
201
229
224
197
231
237
246
194
222
218
220
192
193
228
225
194
211
219
210
215
228
230
226
216
223
219
235
216
232
238
217
234
214
213
222
241
224
229
223
251
237
234
233
231
247
227
232
236
230
247
239
243
250
248
238
249
240
249
246
239
243
242
244
241
240
245
244
242
245
252
255
250
248
251
254
252
255
253
258
253
254
257
256
256
257
258
-1
