180
142
159
130
174
216
192
160
213
139
163
196
162
232
200
178
139
237
158
164
181
168
166
222
205
178
232
194
137
183
142
174
140
130
144
210
211
150
193
147
154
137
210
217
138
162
170
221
203
169
199
212
132
211
133
169
147
164
186
148
157
151
193
138
140
225
185
184
227
151
155
156
172
141
179
134
146
194
155
165
242
173
215
225
143
196
153
170
183
179
152
135
161
228
154
132
167
165
131
172
150
156
231
160
136
148
146
195
191
168
175
195
190
203
192
163
245
215
141
133
149
136
207
187
143
149
202
161
176
135
131
134
144
145
145
177
171
158
153
171
152
159
186
167
176
157
166
175
182
182
219
197
206
204
201
201
187
189
224
177
197
173
181
189
180
205
184
204
190
185
218
188
199
202
222
209
206
198
207
198
188
191
208
209
230
208
218
223
223
214
236
217
214
200
230
240
221
220
231
238
239
226
234
212
220
226
216
219
213
248
227
228
234
233
247
243
224
233
235
249
229
243
242
229
241
246
236
244
237
238
244
235
250
241
245
251
240
246
239
252
248
247
250
252
253
249
257
251
257
256
253
255
254
254
255
256
258
258
-1
