152
232
180
183
170
132
187
138
180
148
143
132
199
164
207
145
137
162
196
192
146
134
152
162
147
230
158
200
160
135
177
168
175
144
235
171
190
153
141
130
227
208
210
199
137
158
218
198
156
225
235
205
135
197
201
148
157
130
239
232
154
163
198
133
186
133
212
138
139
188
181
146
212
177
221
149
156
144
193
136
210
167
131
205
176
200
150
142
131
182
141
145
193
207
167
186
161
165
142
221
150
134
147
160
181
165
222
143
184
179
171
190
155
187
215
188
219
161
139
175
140
173
224
140
164
219
185
183
136
169
153
166
159
154
149
174
155
184
151
166
159
174
169
203
195
163
201
172
168
179
151
231
157
178
172
203
176
206
204
197
223
189
213
173
211
170
178
191
218
202
209
194
226
216
192
185
208
182
189
209
195
191
231
217
194
214
216
215
196
238
222
204
206
225
228
213
226
211
238
202
229
217
224
214
234
236
228
223
220
220
227
233
248
234
239
242
237
230
237
242
229
247
244
243
233
243
241
244
240
252
246
245
249
251
236
251
250
240
245
241
248
255
253
247
253
246
249
250
252
256
258
254
254
257
255
256
257
258
-1
