152
228
185
163
210
171
141
158
220
162
130
142
209
199
139
205
132
177
159
242
157
196
180
190
227
189
138
199
153
174
149
163
138
152
160
211
179
131
212
165
191
176
144
136
187
144
229
140
178
169
151
157
186
150
140
162
200
172
220
171
184
203
206
182
130
147
153
132
172
216
146
211
213
209
154
210
148
142
201
221
186
191
149
136
155
155
240
134
188
133
158
156
139
222
143
178
203
215
239
133
225
148
165
146
181
197
174
151
222
161
182
175
145
170
168
185
170
181
135
241
159
217
213
219
143
192
200
145
131
198
137
134
166
137
135
167
150
141
167
169
164
147
175
168
156
154
161
177
164
184
160
202
166
176
193
208
183
173
189
212
180
173
179
214
196
190
204
202
194
201
206
188
183
192
237
205
204
187
217
232
198
193
194
195
207
218
231
214
195
216
197
230
224
223
229
218
223
207
233
227
226
221
224
236
208
244
215
226
233
234
228
230
232
219
235
225
249
231
236
242
238
235
240
243
243
237
238
245
245
234
248
239
241
251
248
246
252
246
244
249
253
250
247
251
250
247
253
257
255
254
254
252
256
256
255
257
258
258
-1
