166
173
203
154
166
136
173
167
134
146
132
133
201
157
191
152
204
190
153
200
155
238
207
136
234
177
235
137
233
145
229
168
143
159
226
156
222
185
212
223
130
194
133
170
181
223
171
189
224
205
201
213
163
151
195
131
202
138
203
148
135
163
196
164
202
165
191
168
151
132
142
139
206
178
165
180
150
194
195
148
188
152
215
188
161
149
158
138
193
186
185
230
153
169
204
140
180
220
184
145
211
144
211
192
190
146
197
184
164
140
177
131
209
147
137
214
182
225
157
182
150
216
135
172
154
139
130
175
159
183
141
149
134
141
161
142
160
147
144
143
167
155
156
160
162
174
169
178
162
176
198
187
158
170
172
176
217
174
205
186
179
171
183
179
199
221
208
181
221
175
200
209
198
189
192
210
187
235
193
206
226
210
218
199
207
197
227
219
196
220
232
212
208
228
225
218
241
228
236
219
239
216
215
233
214
213
231
224
237
222
217
250
243
238
246
239
237
231
229
242
227
242
236
232
251
230
234
247
241
245
248
252
244
240
253
250
240
247
248
244
246
249
243
249
245
254
255
251
256
252
254
253
255
256
258
257
257
258
-1
