196
166
130
186
136
137
234
154
151
210
148
144
137
214
138
135
187
139
142
195
131
150
207
157
163
149
169
178
183
182
151
155
172
130
190
136
176
159
158
182
189
193
179
167
171
226
217
179
141
214
176
183
164
171
148
215
155
150
192
200
207
198
209
132
134
163
230
194
138
174
160
173
133
232
175
161
132
143
217
133
147
211
188
229
196
140
169
191
156
131
228
140
197
164
218
190
180
185
218
170
180
168
145
220
144
153
141
203
152
160
205
158
156
173
167
199
145
225
153
205
142
147
146
170
215
210
159
197
191
135
139
146
134
195
165
199
184
165
222
143
149
152
177
157
174
175
177
154
161
162
162
208
181
166
235
221
187
181
186
192
204
168
188
201
194
184
219
172
202
178
216
201
246
193
204
223
185
203
198
189
206
202
200
223
213
224
221
213
212
216
211
232
206
233
208
220
225
209
236
212
239
231
219
241
224
237
238
244
222
233
239
226
245
227
234
231
230
238
228
227
249
236
242
229
241
237
254
240
243
235
240
252
242
251
250
248
252
244
243
250
249
245
247
246
247
248
255
256
251
253
254
255
253
256
257
258
257
258
-1
