201
224
168
170
143
184
151
173
228
152
141
132
159
177
159
199
214
136
155
189
202
187
240
146
158
233
153
133
131
215
130
165
136
217
219
207
131
152
185
252
188
217
173
195
210
180
141
133
149
146
138
174
130
154
171
137
167
189
150
190
157
198
137
182
160
162
145
186
157
166
167
147
211
233
134
162
140
178
182
161
135
148
135
155
202
156
148
161
154
198
180
172
176
170
163
230
188
192
210
144
153
176
191
175
151
216
184
203
169
140
178
166
172
138
206
150
143
168
134
194
158
169
195
208
190
237
165
181
139
219
147
132
139
144
156
149
145
142
183
142
160
179
163
191
197
175
164
164
226
179
235
185
201
177
204
181
186
193
171
203
213
224
193
205
183
194
187
204
199
207
196
174
223
205
222
209
192
226
215
197
200
218
231
206
222
212
196
229
211
214
234
213
220
200
228
238
212
221
225
232
235
208
209
223
218
220
225
227
240
234
238
242
227
216
230
221
244
231
239
237
229
239
236
241
245
236
232
245
246
247
251
243
248
250
241
244
248
253
243
242
250
246
247
255
249
249
252
253
251
256
257
256
254
254
255
258
257
258
-1
