164
222
197
163
164
159
190
161
196
140
135
200
130
176
138
162
141
161
160
234
212
136
204
250
147
176
134
145
171
132
196
181
207
142
188
210
172
201
163
217
138
133
146
219
165
152
170
221
154
185
146
194
143
173
181
157
137
151
189
144
187
179
185
130
198
149
179
167
131
137
207
162
182
155
151
145
178
187
160
139
134
202
132
175
152
135
193
173
202
148
140
183
228
227
177
186
155
224
158
174
169
158
143
221
192
131
228
223
141
154
174
156
191
195
182
180
149
156
219
201
171
183
157
142
172
170
147
190
191
197
133
168
136
150
144
139
148
153
213
150
186
159
166
166
153
227
175
177
168
169
203
199
167
165
188
194
200
229
204
198
180
178
205
193
184
226
195
189
203
184
230
211
210
231
206
220
205
192
208
214
220
208
209
199
215
211
218
223
224
230
251
216
212
209
206
226
218
225
214
215
216
233
237
232
225
231
249
222
213
236
245
217
239
242
229
238
233
243
243
240
235
250
232
234
240
245
236
235
239
248
244
238
241
247
237
242
241
247
246
254
257
244
246
249
248
253
253
251
252
255
255
252
256
254
256
258
257
258
-1
