153
239
138
139
245
207
161
183
194
234
247
134
186
189
245
241
212
208
166
145
181
225
199
188
201
222
242
197
233
145
157
240
143
151
154
137
234
152
220
200
238
167
213
184
144
212
146
216
218
198
184
169
182
155
151
217
172
226
140
216
167
160
186
224
202
134
193
215
230
142
155
133
195
232
163
192
203
174
204
159
187
221
163
220
170
217
207
235
131
219
210
235
171
213
130
159
180
223
240
139
189
146
244
156
165
198
149
201
205
173
138
143
223
196
246
218
166
158
180
247
236
187
196
132
147
135
130
238
141
164
131
132
133
136
135
136
137
248
248
140
141
142
177
144
148
148
147
150
149
150
169
152
153
154
179
156
157
158
161
160
162
162
172
164
165
174
168
168
173
170
171
175
176
178
175
176
177
178
179
249
181
182
183
185
185
249
191
188
190
190
191
192
193
194
195
252
197
206
199
200
205
202
203
204
208
206
209
209
211
210
211
254
214
214
215
251
231
229
219
225
221
222
224
226
227
228
227
228
229
230
231
232
233
250
236
237
237
252
239
243
241
242
243
244
250
246
256
253
254
251
257
255
253
255
257
256
258
258
-1
