207
229
230
170
162
211
189
167
195
172
231
155
219
163
233
166
236
249
199
239
252
217
135
157
227
197
201
238
138
246
214
237
143
239
205
202
130
193
196
174
249
232
194
154
248
231
252
199
159
147
175
160
144
203
190
130
240
186
141
170
158
250
152
228
162
250
217
244
200
219
187
132
212
143
206
151
237
225
140
209
192
206
163
210
171
164
213
157
171
246
165
188
212
234
193
155
209
146
176
204
166
185
148
161
254
131
156
255
196
213
167
160
149
228
135
133
235
134
151
245
136
139
139
187
174
141
203
190
188
146
131
132
133
134
136
137
137
138
182
140
142
142
145
144
145
150
147
148
149
150
152
153
153
154
181
156
177
158
159
179
161
177
178
164
165
168
169
168
169
179
173
172
173
176
175
178
180
184
181
180
182
183
183
184
185
186
257
221
189
191
191
192
215
194
195
197
198
198
215
200
201
202
222
204
205
208
207
208
218
210
211
216
216
214
226
221
220
218
223
220
223
222
224
224
225
226
227
258
229
230
238
232
233
234
235
236
241
242
242
240
241
243
243
244
245
247
247
248
254
251
251
253
253
256
255
256
257
258
-1
