226
218
234
229
175
147
230
132
244
140
224
130
183
243
247
202
233
141
164
157
145
207
183
227
221
189
167
204
232
150
245
216
177
133
187
194
143
217
178
157
175
210
241
231
177
209
179
238
190
239
151
239
196
182
213
250
246
203
153
240
137
236
161
193
217
198
237
146
235
152
170
211
185
148
142
173
209
182
224
246
225
130
139
136
243
189
162
237
168
212
226
151
195
168
158
133
213
165
140
162
201
196
229
188
238
215
154
136
150
233
191
192
131
131
192
149
227
191
161
144
155
219
167
206
211
149
220
198
179
178
132
134
134
135
135
138
137
138
139
174
141
142
143
144
145
146
147
148
171
160
154
152
153
155
156
156
158
159
159
160
166
163
163
164
165
166
172
169
169
170
171
172
173
174
176
176
253
180
180
181
181
186
184
184
185
186
187
188
205
190
206
200
193
194
195
197
197
199
199
200
201
202
203
204
205
208
207
208
254
210
222
212
214
214
215
216
221
218
219
220
223
222
223
258
225
255
228
228
253
230
231
232
254
234
235
236
250
252
242
240
241
242
249
244
245
248
247
248
249
251
251
252
255
256
257
256
257
258
-1
