192
172
212
202
133
196
222
194
158
141
226
168
231
142
134
250
249
178
147
145
217
220
212
235
155
159
202
215
148
248
163
184
222
134
208
133
152
242
247
220
171
193
207
228
200
231
146
174
199
205
240
203
205
230
152
253
210
142
187
191
180
158
210
148
175
217
214
211
171
187
243
188
154
153
149
206
131
156
240
154
248
177
247
216
176
143
239
160
227
197
169
184
146
140
189
244
135
130
162
164
218
228
236
195
224
251
193
156
214
135
130
190
224
132
254
136
208
203
151
237
179
159
143
172
235
191
157
173
150
221
131
132
138
137
137
136
139
138
139
140
141
256
144
144
145
182
147
182
149
150
151
170
153
167
155
161
157
163
160
161
165
162
166
164
165
166
167
168
169
170
183
178
173
174
175
176
177
179
181
180
181
183
185
185
186
186
256
188
189
190
201
192
198
194
195
196
197
198
199
200
201
257
204
204
242
206
207
209
209
246
211
213
213
229
215
216
219
218
219
234
221
223
223
225
225
226
227
229
232
230
233
232
233
234
238
236
237
238
239
241
241
244
243
245
245
246
255
249
250
251
252
252
253
254
255
257
258
258
-1
