183
230
244
214
164
219
197
182
139
156
185
138
135
241
162
189
195
191
133
151
204
200
171
196
233
235
246
195
184
135
169
141
155
189
208
159
160
216
186
237
194
157
216
236
184
238
166
226
248
164
206
231
239
245
158
150
131
137
250
130
133
166
131
165
236
190
230
232
219
196
179
249
194
152
246
151
229
204
142
185
174
227
144
199
148
147
253
130
172
162
138
208
134
148
252
257
139
180
218
177
158
180
213
156
244
143
182
231
155
214
154
245
225
217
192
237
161
179
160
183
147
226
199
198
229
213
206
222
203
141
132
132
254
134
136
136
137
142
140
140
143
145
144
145
146
146
176
149
149
150
153
152
153
154
172
171
157
175
159
168
161
163
163
167
165
168
167
170
169
170
173
173
175
174
178
176
177
178
253
181
181
221
212
187
186
188
187
188
193
190
191
192
193
209
209
197
198
201
200
201
202
202
203
205
205
207
207
211
210
210
211
212
218
215
215
220
217
222
221
220
223
223
224
224
225
227
228
228
255
238
233
232
234
234
235
240
241
239
242
240
242
243
243
252
249
247
247
248
250
251
251
256
254
255
256
258
257
258
-1
