183
178
150
203
203
136
164
204
181
138
242
219
204
217
145
167
237
255
234
208
244
144
184
168
131
235
243
161
139
190
165
190
238
239
172
213
161
165
132
147
212
143
188
186
248
154
247
171
132
160
191
228
199
182
151
143
152
207
223
224
189
142
246
134
188
225
196
181
176
251
239
146
130
241
245
157
207
227
177
187
155
152
198
202
146
223
197
179
199
193
142
187
150
215
139
140
215
211
214
160
173
231
163
222
175
227
131
237
214
228
230
225
208
148
134
240
246
169
157
226
205
130
194
216
164
184
179
212
192
241
135
133
133
137
135
136
137
138
140
141
141
252
155
144
145
148
147
149
149
156
151
153
153
154
156
158
159
158
159
171
162
162
163
166
169
166
167
168
170
170
174
172
173
174
175
176
177
178
180
180
248
182
183
185
185
186
257
201
189
195
191
192
193
194
195
196
197
198
200
200
201
202
249
206
205
206
210
209
209
210
211
221
213
219
216
218
217
218
220
220
221
222
236
224
230
226
229
229
231
233
232
232
233
234
235
236
250
238
250
240
254
242
243
244
245
249
247
256
253
251
254
252
253
255
258
256
257
258
-1
