193
144
158
183
241
142
149
254
145
213
220
145
244
153
182
189
154
235
234
151
173
185
217
221
148
219
238
215
231
194
187
182
136
135
181
147
169
140
249
227
205
142
171
206
233
197
245
223
240
195
208
173
188
186
233
130
141
175
207
153
198
232
192
137
157
162
246
229
146
177
172
246
159
226
239
220
133
168
222
130
245
178
225
164
218
133
164
228
238
200
206
216
177
209
160
131
149
226
138
191
167
253
202
155
174
185
167
194
172
236
157
199
132
215
240
196
231
151
178
219
181
136
198
252
131
138
179
192
175
227
253
132
134
134
135
166
137
139
139
140
141
143
143
144
162
146
147
148
150
150
152
152
155
154
156
156
161
158
159
160
161
163
163
165
165
166
170
168
169
170
171
255
214
174
176
176
211
180
179
180
211
184
183
184
189
186
187
188
190
190
191
204
193
201
195
196
197
202
199
200
201
203
203
204
205
210
207
208
209
210
212
212
213
214
257
216
217
218
256
221
224
222
223
224
225
249
228
230
229
230
248
232
234
235
237
236
237
243
239
241
242
242
243
244
248
247
247
251
250
250
251
252
254
258
255
256
257
258
-1
