149
175
155
148
142
213
236
209
216
230
193
151
233
201
158
207
203
227
130
136
206
212
205
245
155
191
151
186
160
156
240
197
179
210
213
132
243
131
169
190
184
210
177
179
148
188
220
141
198
147
196
159
180
182
150
160
214
246
140
201
184
242
170
133
135
225
236
226
165
225
169
228
183
188
219
208
245
187
165
192
183
154
202
161
140
237
173
240
135
220
205
130
244
171
153
204
237
149
195
189
134
221
223
146
136
241
194
227
174
233
141
168
139
216
175
211
222
194
167
226
238
200
157
232
166
137
163
180
170
178
131
132
133
134
145
138
137
138
139
143
144
142
143
144
145
146
147
250
248
150
152
152
153
154
158
156
157
162
159
162
161
164
163
164
253
166
167
168
251
172
171
172
173
174
176
176
177
178
254
181
181
182
249
185
185
186
187
248
189
190
191
192
193
199
195
196
197
198
199
200
249
202
203
204
251
206
207
208
209
217
211
212
215
214
215
217
218
218
219
224
221
222
223
224
235
231
229
228
229
230
231
232
234
234
235
250
239
238
239
254
241
242
243
244
246
247
247
255
252
252
253
256
257
255
256
257
258
258
-1
