204
178
225
222
188
239
164
182
161
131
164
194
159
238
226
215
155
206
171
197
133
190
192
177
180
168
214
194
151
232
143
238
243
155
222
234
235
141
214
247
203
153
247
163
131
198
241
167
210
223
147
191
171
176
205
212
235
236
132
185
225
187
248
216
177
240
193
145
221
150
236
140
199
249
199
185
227
213
200
201
136
230
255
248
169
215
153
130
206
217
162
134
166
229
139
169
161
187
137
160
173
218
255
152
149
231
233
130
141
152
149
190
138
142
197
254
192
167
237
135
144
212
233
159
221
181
228
201
189
173
148
132
133
134
135
136
137
138
139
140
146
142
143
144
145
146
147
148
154
150
151
154
156
157
156
157
158
158
184
160
181
162
163
165
165
166
175
168
170
170
172
172
174
174
175
176
179
178
179
180
183
182
183
184
186
186
257
188
189
209
191
195
193
195
196
196
209
198
208
200
202
202
203
204
205
207
207
208
211
210
211
253
213
218
219
216
217
219
220
220
254
223
224
224
251
226
227
228
229
230
231
232
241
234
242
244
237
243
239
240
242
244
245
245
246
246
250
249
251
250
252
252
253
258
256
256
257
258
-1
