182
187
230
231
213
222
167
221
219
228
133
130
175
134
142
178
236
144
194
173
161
175
166
160
240
144
222
161
207
215
186
136
180
206
141
224
182
190
151
154
203
178
232
250
210
165
235
217
238
239
213
225
156
152
252
173
167
206
150
231
152
155
151
196
183
139
159
203
199
236
223
131
201
171
233
240
136
185
174
193
205
226
188
185
223
165
168
199
146
201
168
138
146
208
134
176
155
187
198
147
181
209
130
145
160
162
158
131
243
246
142
248
191
211
224
214
216
218
188
232
150
143
190
170
228
200
208
217
180
138
132
132
133
135
135
137
137
139
140
140
141
249
143
148
145
149
147
148
149
251
247
153
153
154
157
156
157
158
159
163
162
163
164
164
250
166
172
169
169
170
171
172
251
174
177
176
177
179
179
247
181
183
184
184
197
186
193
189
189
192
191
192
195
194
195
196
197
198
255
200
202
202
204
204
205
249
207
212
209
210
211
212
253
214
215
216
220
218
219
220
221
243
242
227
225
226
227
229
229
230
241
234
233
234
235
237
237
238
239
244
241
242
245
244
245
246
248
256
255
253
254
252
254
258
257
256
257
258
-1
