234
173
224
184
202
176
220
226
210
204
223
243
155
140
216
148
167
161
221
230
224
191
253
163
229
192
189
149
232
183
170
209
135
209
164
247
233
146
177
246
219
156
181
240
238
228
131
169
154
132
202
157
245
143
228
181
130
211
237
236
175
137
165
160
163
144
140
144
170
141
185
157
175
230
142
183
133
201
233
205
205
198
191
218
237
130
146
210
250
150
212
148
247
139
195
229
217
154
182
216
239
139
134
197
156
147
188
244
222
207
248
232
187
187
134
153
217
212
166
208
152
158
176
151
203
136
235
240
193
171
131
132
133
135
136
138
137
138
255
196
141
142
143
145
145
198
147
180
149
150
151
152
153
172
155
161
158
159
159
160
162
162
168
164
165
166
167
168
169
172
171
174
173
174
178
179
177
178
179
180
196
182
184
185
186
186
188
189
190
190
193
192
194
194
195
199
197
200
199
200
201
249
203
204
206
206
207
208
214
213
211
215
213
214
215
251
225
218
219
220
221
222
223
226
225
227
227
250
254
231
231
251
249
234
235
236
241
238
239
241
242
242
243
244
245
246
252
248
256
253
254
252
255
256
257
257
258
258
-1
