156
178
191
218
221
141
159
139
202
137
166
248
153
184
189
196
203
137
170
224
212
200
162
238
151
222
189
177
242
246
180
140
234
239
226
211
171
208
245
135
130
147
232
165
145
250
184
219
243
240
210
141
191
216
245
209
243
198
169
155
235
163
204
215
155
139
180
238
177
157
172
225
228
202
174
158
134
138
246
167
168
199
216
142
185
248
234
148
132
196
165
218
159
225
242
206
162
201
149
134
130
148
197
131
192
194
157
221
220
236
132
186
199
185
146
164
241
133
249
188
205
224
237
210
222
187
233
146
161
227
131
179
133
136
135
136
154
138
144
140
143
142
143
144
145
150
147
150
149
151
152
152
153
154
181
156
172
158
160
160
161
174
163
164
171
166
167
168
169
170
176
173
173
175
175
176
178
179
183
181
182
182
183
253
190
186
187
188
190
193
192
194
193
195
195
254
197
198
214
200
201
207
203
204
205
206
207
208
209
213
211
212
213
214
215
217
217
255
219
220
231
223
223
229
230
226
227
228
229
230
231
232
233
253
235
236
237
254
239
240
241
256
244
244
252
247
247
250
249
251
251
252
257
255
257
256
258
258
-1
