190
178
191
231
196
203
210
241
249
206
149
227
153
154
159
150
132
202
220
182
159
246
145
206
186
137
227
233
234
205
223
181
151
224
158
139
157
218
146
146
208
165
187
131
178
209
197
209
157
237
138
152
223
202
139
199
243
255
214
238
188
156
177
254
200
214
241
249
232
154
132
143
195
188
203
238
136
131
187
135
226
164
155
180
189
135
160
226
147
211
230
147
212
245
198
225
216
201
141
145
195
150
130
186
180
183
140
229
130
162
220
177
144
215
152
182
204
222
230
143
149
190
155
176
234
166
248
236
232
236
133
133
134
134
169
136
137
138
142
140
141
142
167
144
169
166
148
148
164
174
151
167
153
172
170
156
163
158
161
160
161
162
163
168
165
172
168
171
170
175
171
173
173
174
175
176
257
179
179
184
181
183
184
185
185
256
194
193
189
192
191
192
193
194
254
196
197
198
199
200
201
250
219
204
205
207
207
208
213
210
211
212
213
215
217
216
217
218
219
221
221
222
252
224
225
251
228
228
229
246
231
242
233
235
235
240
237
239
239
240
243
242
244
244
245
247
247
248
250
252
251
253
253
256
255
258
257
258
-1
