235
217
194
237
202
223
181
164
130
131
246
195
216
219
150
150
234
156
183
188
171
182
242
232
238
226
157
239
196
162
147
218
163
192
199
189
137
135
189
166
236
177
132
239
227
225
145
243
182
151
233
144
145
130
215
257
198
143
209
212
134
217
231
148
161
176
164
238
142
249
177
210
229
192
152
230
235
219
193
209
207
149
158
190
206
204
200
195
225
154
161
228
146
159
133
215
158
172
216
199
132
220
188
139
171
243
153
252
138
213
137
152
140
247
184
155
208
231
246
207
140
196
155
135
223
206
178
142
248
138
131
185
133
134
136
136
181
180
139
141
141
170
143
144
173
146
147
148
149
170
151
166
153
154
167
156
157
160
159
160
163
162
165
165
167
168
169
168
169
172
173
174
175
174
175
176
179
178
179
180
185
184
183
187
186
186
187
256
190
191
191
198
193
194
201
197
197
201
200
205
202
203
203
204
205
257
208
210
212
211
211
213
214
214
253
250
218
220
222
221
221
222
224
224
251
226
227
228
229
230
250
232
233
234
241
236
237
242
240
240
241
244
245
244
245
251
247
248
249
253
252
254
255
254
255
256
258
258
-1
