224
160
217
207
138
146
161
216
231
167
130
167
248
255
217
190
142
198
245
252
134
156
240
139
144
239
193
206
145
247
220
199
230
132
132
147
189
181
162
138
197
180
218
223
181
214
187
249
172
238
161
218
131
243
152
142
135
163
212
179
246
237
213
179
189
177
210
194
134
149
166
224
171
240
202
242
168
150
186
195
252
136
158
214
141
193
243
137
212
187
209
173
175
202
204
131
177
191
130
133
205
144
206
180
250
188
137
208
168
229
225
192
237
196
140
171
178
194
182
156
165
183
242
196
169
216
247
222
203
207
157
155
133
154
135
136
153
151
139
140
141
143
143
148
145
146
147
148
149
150
151
152
153
154
155
157
159
158
159
160
164
162
163
164
165
166
173
170
169
170
176
172
174
174
175
176
253
178
254
184
183
182
184
185
185
186
236
188
231
190
191
192
229
198
195
201
197
199
200
200
201
232
203
204
205
228
211
208
209
210
211
228
213
215
215
225
219
219
221
220
221
222
223
227
226
226
227
234
230
233
233
232
234
235
235
236
255
238
239
241
241
254
244
244
245
246
248
249
251
250
251
256
253
257
258
256
257
258
-1
