143
254
190
172
146
247
134
228
138
136
143
131
166
133
246
160
231
179
248
185
225
137
148
218
159
213
221
202
225
215
151
196
158
230
178
170
216
140
145
130
203
224
174
221
132
200
222
201
139
223
163
181
238
147
219
204
236
239
147
206
174
205
162
243
153
194
236
171
188
182
247
239
131
237
153
177
169
197
137
141
182
134
175
179
220
201
168
157
242
207
171
217
145
198
180
130
149
169
152
196
214
224
197
146
233
241
185
228
198
215
186
177
243
187
194
230
181
151
164
165
212
148
223
188
183
172
195
189
222
162
249
132
133
135
135
136
142
138
139
140
141
142
144
144
250
160
150
150
149
154
152
155
155
154
156
156
157
158
159
161
161
166
163
164
165
167
167
168
255
170
253
173
173
176
175
176
256
178
251
180
191
183
184
184
191
186
187
192
189
190
193
192
193
210
195
208
208
199
199
200
209
202
203
204
205
206
207
211
209
210
211
212
213
214
252
216
217
218
219
220
250
229
234
227
226
226
227
229
232
232
231
233
234
235
235
241
237
238
240
240
242
245
244
244
245
246
251
248
249
252
253
255
257
254
257
256
258
258
-1
