217
218
174
157
161
207
165
136
237
201
187
238
256
140
208
202
249
242
183
152
137
174
193
246
181
202
233
172
248
176
211
171
149
141
188
205
200
215
224
193
184
178
227
154
160
148
244
165
143
236
226
148
176
182
164
217
142
167
162
141
245
231
235
229
183
214
194
216
195
190
203
219
139
191
130
232
179
219
133
156
206
137
240
133
182
226
159
211
230
220
228
205
232
145
160
199
218
150
164
244
213
135
234
180
192
236
131
242
199
243
241
147
162
144
168
132
161
206
186
150
175
221
155
204
130
139
187
212
239
189
131
132
134
134
135
136
138
138
156
140
146
142
143
144
145
146
147
152
149
151
151
153
153
154
155
158
157
158
159
169
170
163
163
169
166
166
167
168
173
170
171
172
173
255
175
177
177
178
179
180
181
196
185
184
185
186
195
188
189
190
191
192
197
194
196
197
198
198
258
200
201
256
203
204
209
209
207
208
210
210
251
212
213
214
215
216
220
223
222
224
221
222
223
225
225
248
227
228
229
230
231
254
233
234
235
250
237
238
239
240
241
253
243
245
246
247
247
250
249
252
251
252
253
254
255
257
257
258
-1
