132
152
199
161
241
169
223
199
204
134
182
189
222
188
134
248
207
246
238
176
187
208
220
249
216
214
232
157
201
150
206
234
191
250
146
253
223
179
131
226
237
211
192
138
221
235
205
231
157
156
177
153
218
240
186
209
209
155
139
193
247
178
190
152
159
243
228
176
198
141
159
186
201
202
191
245
153
224
239
143
213
231
192
247
184
171
175
170
244
137
136
236
155
194
242
144
145
137
162
142
188
196
167
208
210
165
130
140
169
163
181
183
170
135
204
132
158
166
220
227
144
130
175
147
160
233
133
150
207
138
131
254
133
252
135
136
253
147
139
140
141
142
143
149
145
146
148
148
149
151
151
252
154
154
174
156
166
158
164
160
161
162
163
164
165
167
168
168
172
171
173
172
173
174
185
179
177
178
180
180
181
182
183
184
185
254
187
230
189
190
195
195
193
194
197
196
197
198
200
200
203
202
203
217
205
206
215
214
212
210
211
212
213
215
216
219
217
218
219
229
221
222
225
224
225
226
227
228
229
230
257
232
233
234
235
236
237
238
239
240
241
242
243
244
245
246
248
251
249
250
251
257
256
255
255
256
258
258
-1
