155
233
166
214
230
256
196
190
242
249
253
132
200
196
193
153
168
167
237
169
140
206
229
159
240
150
225
232
202
160
205
131
183
141
140
177
228
228
225
215
172
214
237
244
160
144
182
232
207
150
241
247
130
158
139
135
148
191
138
201
236
201
168
198
198
172
190
145
213
208
149
189
193
155
194
227
238
164
207
170
220
212
184
166
136
153
182
173
152
178
257
240
158
204
159
181
192
243
130
220
152
180
212
248
189
226
234
135
161
215
217
143
131
197
139
179
165
197
173
170
210
234
211
205
132
187
138
187
171
216
134
133
133
134
136
137
137
143
146
142
141
142
144
145
147
146
147
148
149
151
151
154
154
156
156
157
157
253
161
163
162
162
163
164
165
250
167
183
169
175
171
174
174
176
175
176
177
178
179
180
181
186
185
184
185
186
188
188
256
254
191
192
195
194
195
250
223
199
199
200
203
202
203
204
219
206
208
209
209
210
211
222
213
219
217
216
218
218
221
222
221
223
224
224
252
226
227
229
231
230
231
244
233
235
235
236
239
238
239
245
241
242
243
246
245
246
247
248
249
251
251
252
254
255
255
257
258
258
-1
