219
216
139
173
235
176
244
232
141
172
247
210
196
244
137
222
184
224
235
246
171
238
242
245
222
150
225
195
218
156
213
199
169
148
135
168
153
208
215
180
137
190
201
151
237
133
144
240
141
130
145
193
159
234
179
194
239
207
149
241
220
209
185
226
143
212
204
198
191
151
130
136
218
201
136
157
145
174
236
197
144
173
211
197
165
178
139
229
131
147
181
182
231
167
223
135
163
238
162
213
131
209
142
168
149
242
236
227
150
181
203
155
203
178
233
166
192
180
225
221
228
157
184
171
188
174
134
247
158
200
132
132
133
134
249
250
138
138
140
140
252
142
143
160
146
146
147
148
161
153
152
152
154
154
155
156
160
158
159
162
161
164
163
164
165
166
167
169
170
170
250
172
175
177
175
176
177
186
179
189
182
183
183
185
187
186
187
188
189
190
191
192
193
194
195
196
206
198
199
200
202
202
204
205
205
206
207
208
216
210
211
212
214
214
215
217
217
253
219
220
221
249
223
224
228
226
227
229
230
230
231
232
233
234
248
248
237
251
239
240
241
243
243
256
245
246
253
251
252
255
254
255
254
257
256
257
258
258
-1
