255
187
192
172
149
149
247
198
221
199
191
184
204
178
247
218
226
243
131
134
189
203
244
158
208
216
193
133
251
182
215
166
240
180
143
177
215
197
229
150
181
202
151
219
199
133
227
168
241
194
165
144
163
237
196
161
155
137
158
196
245
210
250
145
248
156
146
131
134
130
229
214
200
190
167
242
203
159
186
207
224
142
138
136
206
225
223
188
231
212
136
145
157
213
185
194
184
130
220
147
160
193
214
177
202
157
140
236
242
245
209
141
152
143
222
178
169
165
170
181
169
248
218
235
226
164
171
163
174
231
132
132
254
135
135
137
139
138
139
140
141
142
153
144
148
146
147
148
153
150
151
152
154
154
155
156
257
161
159
160
162
162
176
164
173
166
167
168
173
170
171
172
175
174
175
176
254
179
179
180
183
182
183
253
185
186
187
188
189
190
191
192
236
195
195
238
197
198
201
200
201
210
205
204
205
206
207
208
209
211
211
212
213
233
217
216
217
230
219
220
221
222
223
224
225
228
227
228
233
230
232
232
234
234
235
237
238
239
239
240
241
253
243
244
246
246
252
249
249
250
251
252
255
256
258
256
257
258
-1
