252
167
231
142
200
184
190
250
183
243
149
157
238
182
207
139
203
186
182
166
132
155
149
188
241
130
152
151
135
212
209
246
220
185
174
133
178
254
229
206
184
239
227
198
238
144
207
213
215
247
232
142
156
213
174
230
151
135
244
143
155
147
192
223
226
164
249
199
134
173
253
162
170
237
200
179
223
203
244
137
231
249
190
169
193
131
154
136
180
146
150
196
192
228
140
176
148
229
156
168
130
173
144
167
177
250
187
202
221
153
197
195
226
134
237
166
222
136
221
201
242
211
197
202
172
205
222
211
239
186
131
132
133
161
138
138
137
139
141
140
141
163
143
145
145
146
147
148
160
150
160
152
153
154
159
158
157
158
159
161
162
164
163
165
165
257
168
169
170
171
171
172
180
175
175
176
177
178
179
181
181
256
183
218
185
189
187
188
189
191
191
193
194
194
195
196
218
198
199
216
201
206
204
204
205
210
208
208
209
210
215
212
214
214
217
216
217
219
219
220
233
224
224
225
225
236
227
228
235
230
234
232
233
234
235
236
255
248
240
240
241
242
243
245
245
246
247
248
255
251
251
252
253
254
256
258
257
258
-1
