235
243
130
245
175
243
177
206
203
180
155
196
209
139
152
218
174
223
136
256
166
221
226
141
231
161
179
160
202
191
207
184
144
131
204
156
246
202
215
203
233
147
161
199
198
190
247
192
144
239
158
135
200
192
234
159
146
189
136
184
224
131
164
187
250
185
220
165
186
156
171
237
165
176
157
134
151
193
240
233
163
194
216
172
170
135
214
209
186
223
148
245
218
232
149
164
228
137
238
150
133
133
130
247
168
244
145
190
208
188
213
232
147
222
162
163
227
195
174
180
139
225
221
206
229
178
207
142
214
227
132
132
252
134
143
138
137
138
140
140
141
142
143
154
145
146
151
148
149
150
152
153
153
154
155
251
157
158
159
160
178
162
171
167
167
166
168
169
169
170
172
173
173
181
175
176
177
182
179
182
181
183
183
252
185
251
187
188
189
200
191
196
193
194
195
197
197
198
199
201
201
250
205
204
205
210
208
211
211
210
212
212
213
215
217
216
217
219
219
220
253
222
242
224
225
226
230
228
229
230
231
239
236
234
235
236
237
238
240
241
241
242
253
244
249
246
248
248
249
255
254
257
256
254
255
257
258
258
-1
