192
152
173
242
233
154
246
222
190
200
224
220
217
191
133
243
192
196
204
234
187
234
176
219
175
225
159
200
198
230
136
201
195
182
216
180
169
211
213
171
152
176
156
165
140
149
165
244
170
132
188
201
137
240
224
173
227
150
148
249
254
135
216
204
132
232
244
150
139
194
130
188
162
160
222
232
247
199
137
208
236
227
140
238
209
171
213
236
226
196
143
219
217
153
238
131
151
135
189
251
226
193
146
130
215
166
144
174
138
241
147
162
141
206
163
237
146
172
246
229
141
134
164
164
248
169
207
155
210
205
131
185
133
134
180
136
178
138
139
142
142
143
144
145
145
159
147
148
149
158
151
157
153
154
155
156
157
158
160
161
161
179
163
168
166
167
167
168
183
170
179
172
178
174
175
177
177
184
181
181
182
184
183
186
185
186
187
255
189
190
191
254
193
194
195
197
197
198
199
202
203
202
203
210
205
206
207
208
209
211
212
212
214
214
215
255
218
218
221
220
221
223
223
257
225
231
228
228
229
230
231
250
233
235
235
248
237
239
239
240
241
242
243
245
245
252
247
249
250
251
253
252
253
258
256
256
257
258
-1
