209
151
226
184
140
218
197
149
159
172
203
157
231
176
240
132
158
135
249
134
151
167
185
153
198
170
216
147
149
142
224
239
234
238
160
200
210
214
220
182
204
202
147
153
178
241
241
138
177
175
210
166
250
144
178
133
201
197
132
205
187
213
143
170
138
171
191
211
196
204
243
246
160
232
226
155
230
227
248
217
212
154
201
246
130
183
203
142
145
236
157
150
225
133
148
220
244
156
141
208
171
229
195
181
238
174
221
180
242
161
206
232
136
218
131
161
198
224
215
230
182
130
162
186
173
176
183
249
155
173
131
258
135
134
137
136
137
139
139
140
141
143
144
145
146
146
257
148
253
150
152
152
162
154
163
156
159
158
164
163
165
164
165
167
168
166
168
169
169
189
190
172
194
174
175
189
177
179
179
180
181
193
186
184
185
188
187
188
191
190
192
192
193
194
195
196
252
199
199
200
251
202
252
205
207
206
207
208
209
222
211
212
213
214
215
216
217
219
219
223
221
222
223
236
225
227
228
228
229
235
231
233
233
234
235
237
237
254
239
240
244
242
243
245
245
247
247
248
251
250
253
255
255
254
256
256
257
258
-1
