240
218
130
211
185
203
246
170
238
200
246
164
169
168
230
135
231
177
248
191
172
174
175
196
240
138
232
160
184
241
144
141
157
225
151
215
195
193
187
167
142
155
137
140
173
148
241
204
216
248
232
154
134
172
227
223
132
144
235
168
143
146
239
236
143
223
205
194
147
159
213
250
198
225
217
131
164
180
211
136
171
198
156
137
165
192
154
229
190
239
235
141
210
162
219
189
185
148
184
196
156
131
159
217
208
203
231
142
169
230
242
162
228
195
212
197
245
206
210
165
146
208
178
218
236
130
214
189
227
167
133
132
133
134
135
136
139
138
139
140
253
152
151
145
145
149
147
150
149
150
153
152
153
251
155
157
158
158
161
160
161
163
163
180
166
166
178
179
183
170
171
176
173
174
175
176
177
179
181
182
181
182
183
186
188
186
187
188
252
190
191
192
193
194
200
202
197
199
199
201
201
202
207
204
205
206
207
209
209
257
220
212
213
214
215
216
219
222
221
220
221
222
224
224
226
226
252
228
229
256
233
234
233
234
253
237
237
238
256
243
243
242
244
244
245
247
247
249
249
250
251
254
255
254
255
257
258
258
-1
