214
244
177
158
239
167
169
143
223
164
140
169
173
240
174
219
161
166
164
229
209
219
212
141
254
160
138
173
221
165
208
188
194
133
162
227
252
149
209
239
231
172
210
141
146
214
201
152
148
150
151
234
230
202
210
220
131
215
181
135
187
244
233
195
195
156
163
242
161
130
216
198
182
226
153
184
130
204
246
233
170
246
134
186
200
156
158
254
182
243
171
235
196
187
188
143
147
163
212
232
192
132
190
171
192
148
159
157
247
240
139
181
216
194
217
205
222
225
135
213
142
146
184
201
199
153
197
170
144
132
131
136
133
134
137
136
137
138
139
140
251
142
144
145
145
250
147
152
149
150
151
154
155
154
155
249
157
251
159
160
248
162
177
166
165
168
167
168
178
179
175
172
174
176
175
176
178
179
180
180
250
183
183
185
185
186
191
189
189
190
191
193
193
205
206
196
197
198
199
200
203
202
203
204
207
206
207
208
237
211
211
238
213
225
215
217
218
218
223
220
221
222
224
224
226
228
227
228
229
230
231
232
236
234
235
236
237
238
257
241
241
242
243
245
245
248
247
253
249
255
253
252
256
256
255
257
258
258
-1
