191
164
189
166
229
192
167
207
208
246
252
191
141
150
220
160
164
235
196
182
197
130
138
132
156
175
245
249
203
241
192
213
248
222
187
161
193
242
239
159
207
154
250
206
217
208
158
233
210
159
143
204
247
236
169
186
216
133
168
241
229
218
244
131
138
194
251
145
144
225
151
187
195
232
155
150
218
172
195
180
221
210
202
145
250
206
163
215
168
254
154
135
186
243
136
181
170
194
247
137
201
231
217
170
224
211
173
134
239
220
136
161
181
141
178
231
176
205
135
190
140
132
243
171
238
130
233
142
178
179
131
147
133
134
152
148
137
139
139
140
147
142
143
144
146
146
148
149
149
153
151
152
153
156
155
157
157
158
185
160
162
162
163
165
165
166
167
172
169
171
177
173
174
174
175
176
177
184
179
180
182
183
183
184
185
256
188
188
189
190
226
198
193
196
200
198
197
199
199
200
201
202
203
204
205
224
214
209
209
211
212
212
213
214
215
216
225
219
219
223
221
222
223
228
227
226
227
228
230
230
235
232
234
234
237
236
237
238
240
240
257
242
256
244
245
246
252
248
249
251
253
253
255
254
255
258
257
258
-1
