140
155
249
148
130
159
221
185
180
147
234
131
162
172
247
163
213
224
207
186
232
152
137
165
143
218
148
203
153
146
158
144
134
140
172
132
177
220
214
200
144
188
170
241
184
231
210
151
135
136
179
130
185
209
224
253
210
245
151
174
230
160
235
161
206
199
195
165
222
223
219
182
150
201
200
182
249
253
154
221
235
181
192
217
233
141
138
214
180
199
223
211
201
164
173
133
146
212
143
256
242
222
234
254
164
178
206
232
250
226
152
149
236
239
139
175
160
203
187
167
225
243
205
236
176
189
213
241
159
168
131
132
133
134
135
136
137
138
139
141
142
142
190
145
145
188
147
191
149
150
156
156
153
154
155
157
157
158
186
166
161
162
163
167
169
166
169
168
170
171
171
195
173
174
175
176
177
178
179
197
181
183
183
184
187
189
193
192
198
190
191
193
194
194
196
196
197
198
258
257
202
202
204
204
205
207
208
208
209
252
211
212
216
215
215
216
217
218
219
220
248
227
226
225
229
228
227
228
229
230
231
246
233
237
239
238
237
238
240
240
244
242
243
244
245
246
247
248
251
250
251
252
255
254
255
256
257
258
-1
