198
169
166
153
186
140
137
235
135
207
201
250
156
205
195
189
190
208
244
133
221
182
160
242
233
195
197
145
209
163
154
169
213
151
147
194
137
219
152
252
220
162
165
225
148
174
239
218
161
144
184
235
154
243
177
151
236
218
230
160
205
213
146
196
187
131
188
178
214
134
248
130
149
185
243
144
179
210
249
165
180
172
219
240
191
193
210
185
132
217
146
130
181
256
227
145
221
234
236
183
214
211
251
180
199
158
167
216
147
252
226
136
250
141
224
132
237
206
161
139
189
232
228
136
232
157
220
150
182
238
131
138
133
134
135
138
140
143
139
142
141
142
143
257
175
174
173
148
149
150
156
152
153
155
155
159
157
158
159
170
164
162
163
164
168
166
167
168
170
171
171
172
173
176
175
176
177
178
179
201
181
200
183
184
200
186
187
188
191
190
192
192
193
194
203
196
197
198
199
202
202
203
204
204
257
206
207
208
209
212
211
212
255
215
215
216
217
231
227
223
222
222
223
224
225
226
229
228
229
230
231
247
233
234
244
241
237
238
239
240
241
242
246
245
245
246
247
248
249
254
251
253
253
254
255
256
258
258
-1
