228
212
226
225
227
152
181
130
154
248
189
210
143
183
186
202
133
150
198
211
232
237
213
164
184
137
208
212
172
254
133
185
142
175
174
185
180
148
192
151
205
189
194
155
193
238
204
217
247
136
149
151
146
251
209
179
153
243
245
207
176
188
166
220
202
250
236
162
156
182
165
131
191
238
158
245
215
218
188
205
249
214
172
244
138
224
194
200
140
130
170
210
214
146
141
207
203
231
161
215
200
240
223
241
148
135
237
161
187
169
163
247
225
193
141
138
134
150
223
219
167
159
140
176
213
180
218
132
197
242
131
132
177
134
135
136
137
139
139
145
143
142
144
144
145
147
147
171
149
160
153
152
154
155
157
156
157
158
159
160
168
162
163
164
165
166
167
168
169
170
171
173
173
174
175
178
177
178
179
250
181
182
183
184
251
186
187
195
190
190
191
192
195
196
199
196
197
198
199
201
201
255
203
204
206
206
253
208
209
233
211
235
234
219
216
216
217
222
220
221
221
222
229
224
229
226
227
228
230
230
231
232
233
234
235
236
252
239
239
240
241
242
243
244
246
246
254
248
249
252
255
258
253
257
256
256
257
258
-1
