174
145
132
241
234
130
177
157
137
200
138
215
194
190
204
132
196
230
224
240
244
183
202
195
217
194
142
182
234
243
160
246
191
163
189
178
141
148
130
204
229
221
226
156
154
207
176
236
146
229
242
220
166
135
200
170
239
214
225
198
205
235
207
184
208
192
131
196
159
144
152
210
165
146
210
203
133
150
184
179
217
237
173
160
239
143
211
248
175
140
171
190
183
201
230
211
240
173
228
153
232
147
191
167
203
139
222
236
241
232
157
161
148
131
216
235
139
154
138
233
224
209
186
176
155
212
227
179
151
238
136
133
134
134
135
136
137
169
169
140
141
142
143
144
145
162
147
149
149
150
151
152
153
164
155
156
158
158
159
162
161
163
164
165
166
168
167
168
170
172
171
172
187
174
175
181
177
178
180
180
181
182
188
185
185
186
187
188
189
247
192
193
193
199
195
197
197
198
199
255
201
202
252
205
206
206
223
208
209
218
213
212
213
214
215
216
219
218
219
220
221
222
223
251
225
226
227
228
250
231
231
254
233
248
256
249
237
238
249
257
243
242
244
245
245
246
247
250
252
254
251
253
253
257
255
256
258
258
-1
