192
202
165
222
218
156
209
137
250
219
189
188
211
237
158
193
224
151
147
130
133
159
244
163
176
193
203
153
139
134
202
167
234
168
169
144
176
150
183
155
152
207
162
186
194
184
250
177
135
165
160
225
141
225
210
240
232
253
137
205
159
246
216
214
185
166
148
230
204
151
240
222
170
252
206
180
217
149
138
177
154
145
140
227
205
229
186
131
224
211
235
241
140
150
255
154
157
161
209
162
174
216
245
228
131
144
164
189
203
178
197
235
179
188
248
138
212
130
227
157
215
230
133
135
183
221
179
239
241
243
132
132
254
134
136
136
254
139
142
143
141
142
143
146
145
146
147
148
149
198
199
152
153
196
155
156
174
158
171
160
161
171
163
164
170
166
167
168
169
173
172
172
173
175
175
197
181
178
182
180
181
182
200
184
185
187
187
190
190
191
191
192
195
194
195
196
199
198
200
201
201
257
258
204
206
208
207
208
249
210
213
212
213
214
215
219
217
218
220
220
221
223
223
236
226
226
232
228
229
231
231
233
233
234
236
237
238
238
239
247
242
242
243
244
245
246
247
248
249
251
251
252
253
256
255
256
257
258
-1
