228
133
143
195
203
239
240
147
217
178
205
144
173
229
186
132
230
196
197
134
204
138
248
169
159
139
221
130
163
210
160
168
200
224
204
140
160
189
145
209
238
226
178
197
202
154
211
164
149
146
195
206
179
193
190
130
187
131
206
223
246
194
184
241
189
156
166
227
244
157
170
235
235
162
134
230
234
212
242
180
191
237
198
194
147
219
188
164
228
170
146
158
153
238
144
252
187
154
186
165
207
131
138
218
212
182
209
240
220
184
244
213
207
243
232
202
157
137
213
153
223
226
211
150
148
149
136
148
165
196
141
132
133
135
135
136
137
140
139
141
142
142
143
183
145
176
176
151
152
150
151
152
172
155
155
156
171
158
159
161
161
162
163
175
167
166
167
168
169
171
172
173
174
174
175
177
177
181
179
180
181
182
183
185
185
253
258
188
190
192
191
192
193
255
251
199
198
199
201
200
201
251
203
256
205
254
208
208
220
210
215
215
214
214
216
216
217
218
219
221
222
222
225
224
225
245
227
233
229
231
231
232
233
234
236
236
237
250
239
245
241
242
243
246
247
247
248
249
249
250
252
254
253
255
257
256
257
258
-1
