203
132
164
141
147
160
168
159
201
156
249
130
162
130
177
245
195
238
243
187
238
189
226
143
245
243
164
244
199
202
195
211
151
134
150
200
172
167
213
188
241
233
161
132
165
220
215
147
244
135
200
217
219
225
137
219
198
171
167
254
197
250
176
144
173
192
152
222
168
252
213
204
223
163
173
252
174
186
229
206
189
145
131
188
234
149
239
156
136
234
169
139
242
235
184
133
247
224
175
217
134
199
185
239
146
165
140
145
223
236
214
193
214
142
159
157
163
228
157
201
207
153
140
203
186
210
184
191
227
248
131
257
133
138
135
136
137
138
139
155
141
142
143
144
152
146
148
148
149
150
151
154
153
154
155
180
158
158
181
160
161
162
180
181
166
166
176
170
169
170
171
172
178
174
175
177
179
178
179
182
183
182
183
256
185
230
187
194
190
190
191
192
193
194
196
196
197
198
212
205
205
202
206
204
209
208
207
208
209
210
211
212
230
216
215
216
218
218
221
220
221
222
232
224
225
226
227
228
229
231
231
232
233
237
235
236
237
258
240
240
241
242
255
250
246
246
247
248
249
251
251
253
253
254
255
256
257
258
-1
