229
205
134
180
234
240
137
160
150
142
167
179
213
130
133
211
249
165
190
216
207
205
219
138
172
204
147
140
247
211
137
175
197
177
252
242
213
193
194
236
161
144
239
215
244
236
235
181
234
161
153
155
132
245
181
159
203
153
208
135
150
178
196
195
241
246
165
201
143
233
237
228
212
141
151
163
138
192
171
227
158
135
148
168
223
232
221
186
246
186
169
224
208
192
224
158
145
231
196
221
245
222
160
216
226
212
131
154
131
206
222
176
148
184
178
185
130
174
173
146
149
206
200
226
240
199
230
215
159
200
183
132
133
134
136
136
184
139
139
140
141
142
143
144
145
146
147
157
149
152
151
152
154
155
156
156
157
187
169
162
162
163
164
164
166
166
167
168
170
170
171
172
173
174
175
176
177
183
179
180
182
182
188
185
189
187
189
188
190
191
191
257
193
194
195
198
197
198
199
202
201
202
203
204
257
207
209
209
210
210
250
217
214
214
218
220
217
218
219
220
254
250
223
225
225
248
227
228
229
230
231
232
233
251
235
238
237
238
239
242
241
243
243
244
251
253
247
248
249
252
253
254
255
255
256
256
258
258
-1
