211
183
242
250
142
132
136
254
133
206
202
142
191
209
181
146
152
172
205
191
180
189
157
151
150
213
251
206
169
205
177
239
186
244
207
226
171
166
161
223
141
177
178
131
163
144
245
130
222
164
170
215
225
144
192
148
157
159
236
212
224
199
146
223
200
167
235
202
232
134
246
184
154
247
255
211
152
137
243
174
169
231
184
183
199
159
226
245
248
238
220
234
241
232
209
176
173
240
210
138
238
204
135
149
171
219
214
227
180
186
141
200
194
167
168
220
153
133
187
135
130
145
221
178
217
160
216
158
165
161
131
132
134
136
140
138
137
139
139
140
253
143
143
155
145
147
147
148
149
150
151
155
153
154
156
156
252
158
193
160
162
162
163
164
165
166
189
168
195
170
174
172
173
175
175
176
192
179
179
182
181
182
190
185
185
188
187
188
194
190
197
193
196
196
195
198
197
198
253
201
201
203
203
204
255
207
208
208
236
210
213
212
215
214
218
216
217
218
219
229
221
222
230
224
225
228
227
228
229
230
231
233
233
234
235
237
237
252
239
240
241
242
243
244
249
246
247
248
249
250
251
256
257
254
258
256
257
258
-1
