176
226
149
139
175
209
206
140
245
167
217
236
136
180
135
225
199
212
192
170
166
202
212
148
225
193
176
216
213
195
254
204
174
136
148
189
130
253
183
214
152
139
182
224
175
244
182
156
150
219
208
220
248
185
242
164
133
135
147
143
144
231
207
146
230
131
221
161
245
235
198
181
160
167
143
250
190
190
155
157
142
132
132
179
162
235
202
173
237
231
254
166
201
220
177
238
217
226
204
164
146
243
247
141
161
211
174
214
239
130
152
216
224
228
168
199
153
189
160
237
206
197
198
181
239
158
230
241
208
187
131
133
134
134
137
137
138
138
253
140
141
142
145
144
145
158
147
151
149
150
151
153
154
154
155
156
157
159
159
171
163
162
163
165
165
172
168
169
169
170
171
172
173
195
188
177
178
178
179
180
186
184
183
184
185
186
187
188
192
191
191
193
194
194
196
196
197
252
200
200
201
203
203
205
205
257
207
210
209
210
211
255
213
215
215
223
218
218
219
222
221
222
223
228
229
227
227
234
229
232
233
232
233
234
251
236
249
238
240
240
241
242
243
244
246
246
247
248
249
250
251
252
256
255
256
258
257
258
-1
