151
217
175
168
133
209
136
239
200
133
140
220
193
203
201
184
237
135
220
249
174
169
238
144
205
170
245
241
160
244
178
176
214
221
178
169
216
148
146
228
153
156
224
174
131
233
231
227
177
177
132
187
250
188
192
187
164
213
156
172
155
195
222
181
233
140
237
225
159
176
150
230
181
198
152
248
228
182
183
130
193
163
147
219
229
138
202
130
215
147
135
206
144
146
157
141
197
245
158
252
157
167
192
242
172
136
223
165
208
162
189
200
142
204
196
163
213
241
226
232
216
223
139
164
239
226
195
198
246
242
131
132
134
134
250
137
137
138
139
143
141
142
143
145
145
152
148
149
149
150
151
154
153
154
155
251
159
158
161
160
161
162
211
166
165
166
167
168
170
171
171
173
173
191
175
185
180
179
179
180
186
182
183
184
185
186
189
188
190
190
191
212
194
194
210
196
197
199
199
207
201
202
203
204
205
206
207
208
209
210
211
212
254
214
215
218
217
218
219
253
221
222
251
224
225
236
227
230
229
231
232
235
234
234
235
236
254
238
240
240
256
243
243
244
247
246
247
248
249
253
255
252
256
255
258
257
257
258
-1
