155
220
226
188
153
246
212
194
181
152
172
233
145
222
212
160
246
195
163
173
213
159
175
231
205
163
171
134
227
182
174
240
199
164
239
200
146
245
207
186
198
196
218
242
150
256
147
164
251
252
150
173
179
169
236
223
167
191
222
228
239
162
194
143
204
211
207
144
245
236
241
145
214
148
200
140
178
206
157
133
247
181
230
168
243
230
131
172
186
171
168
134
201
155
229
226
224
165
130
219
152
180
218
154
184
141
234
135
167
136
198
240
149
237
215
248
130
139
138
137
131
220
179
195
170
203
132
199
157
177
257
132
133
140
135
136
137
138
139
142
141
142
143
144
254
146
147
148
149
151
151
161
153
154
156
156
158
158
159
160
161
162
254
165
166
166
192
192
169
170
184
187
174
175
176
176
177
178
182
180
183
183
185
185
188
187
189
190
189
190
191
193
193
216
197
196
197
208
208
202
201
202
203
204
205
206
210
209
209
210
211
217
213
214
215
216
217
256
219
221
221
223
225
224
225
235
227
228
229
231
232
232
233
234
235
238
237
238
252
242
241
244
243
244
248
250
247
249
249
250
251
253
253
255
255
258
257
258
-1
