230
196
245
178
191
224
228
131
130
154
177
139
153
244
233
175
194
170
237
183
136
206
178
201
145
150
144
132
215
216
255
241
134
238
219
227
150
207
165
202
226
210
200
240
228
170
226
214
173
168
160
133
245
184
173
149
214
137
206
139
237
246
130
225
240
168
229
217
232
199
165
146
147
148
243
157
205
135
199
192
231
175
145
153
202
159
193
232
249
152
203
220
174
177
195
166
218
231
132
201
162
163
163
205
182
251
142
156
154
179
183
162
140
181
156
203
243
224
138
221
143
164
171
239
194
141
172
220
242
209
131
249
133
134
135
136
137
138
251
140
141
142
143
144
193
146
147
148
149
151
151
152
157
155
155
158
160
158
159
161
161
187
186
164
166
167
167
169
169
182
171
172
189
174
176
176
181
179
180
180
186
187
185
184
185
188
188
190
189
190
191
192
196
195
198
197
197
198
248
200
211
210
204
204
211
207
208
208
209
213
212
212
213
222
215
216
217
218
219
221
223
222
223
256
225
250
227
235
229
230
235
234
233
234
236
236
253
238
239
248
241
242
257
244
246
247
247
254
255
250
252
252
253
254
256
257
258
258
-1
