187
132
202
184
163
179
213
194
211
139
216
239
215
186
170
245
155
135
207
175
211
247
232
191
244
131
151
205
179
212
182
200
155
164
223
200
185
165
161
252
205
212
174
238
206
215
161
241
156
172
198
219
222
146
134
176
188
240
154
197
244
142
167
137
144
148
135
189
241
174
208
199
229
163
130
132
193
209
169
141
189
152
171
142
130
231
248
134
248
192
234
153
222
141
193
224
199
167
230
136
182
250
239
204
157
190
187
201
146
221
221
159
192
220
243
245
218
180
166
236
219
158
180
227
144
169
152
150
217
210
131
133
133
140
137
136
138
138
139
140
149
143
143
145
145
147
147
148
149
150
151
255
153
154
160
156
157
158
159
160
162
162
172
164
165
166
168
168
173
170
171
178
173
177
175
176
177
178
255
181
181
183
183
184
185
186
253
188
253
190
191
196
195
194
195
196
197
198
256
202
201
203
203
204
237
206
207
208
209
210
235
214
213
214
228
216
217
218
229
220
225
224
223
226
225
226
227
228
230
231
232
233
233
234
235
236
237
238
254
240
242
242
243
251
246
246
247
249
249
250
251
252
258
254
257
256
257
258
-1
