226
130
191
199
163
166
167
190
153
175
241
239
190
194
141
250
150
225
147
198
237
138
171
147
210
183
196
152
157
130
227
137
236
223
168
229
230
250
178
237
204
197
179
183
243
206
182
132
143
172
251
193
184
189
240
137
201
255
225
156
200
174
192
188
249
177
235
202
238
188
144
144
155
182
222
205
233
181
229
151
162
177
170
251
173
151
132
180
236
185
133
174
169
228
131
209
246
211
208
215
148
149
244
164
242
204
164
162
208
136
143
193
200
232
136
231
172
155
222
158
170
239
140
135
206
195
192
135
159
207
131
133
134
134
254
140
138
139
139
142
141
142
145
145
146
146
159
148
149
150
154
152
153
154
158
156
157
161
160
160
161
253
163
165
165
166
167
168
169
254
171
220
173
176
175
176
221
178
179
180
181
184
186
185
187
186
187
214
189
214
191
213
213
194
195
196
197
198
199
203
201
202
203
211
205
212
207
212
209
210
215
217
216
217
216
219
218
218
219
220
221
224
223
224
257
226
227
228
234
230
231
232
233
234
235
248
247
238
243
240
241
242
244
245
245
246
247
248
249
255
252
252
253
256
257
256
258
258
-1
