184
183
144
242
173
237
152
165
183
244
174
218
180
200
138
136
184
207
192
215
166
185
208
171
231
169
212
147
158
162
178
241
205
211
143
199
204
142
216
173
160
234
133
162
214
185
157
147
207
241
131
181
137
248
150
144
227
130
238
142
243
194
136
132
179
245
154
156
145
247
178
220
219
141
176
234
196
139
200
221
169
246
250
224
189
204
197
161
245
237
164
131
166
213
211
187
196
156
160
224
195
191
190
165
148
194
228
199
168
159
177
210
209
239
228
153
230
231
236
233
189
134
153
152
235
130
218
172
137
229
134
132
133
135
135
250
140
138
139
140
141
149
143
146
145
146
149
148
151
150
151
251
155
154
155
252
157
158
159
252
161
163
163
164
256
167
167
168
170
170
171
172
175
174
175
176
177
180
179
181
182
182
222
188
186
186
187
188
191
190
193
192
193
203
195
198
197
198
202
201
201
202
203
206
205
206
223
208
209
210
214
212
213
216
215
217
217
222
219
220
221
223
225
226
225
226
227
253
229
230
232
232
233
251
235
236
238
240
239
240
253
242
243
244
247
246
249
248
249
255
255
254
254
256
258
257
257
258
-1
