131
235
236
146
202
182
162
192
178
154
199
182
217
243
174
226
229
139
160
188
171
176
250
130
170
177
155
211
178
224
210
227
220
219
244
183
216
239
203
206
234
244
241
218
212
207
214
221
150
191
133
216
188
165
168
179
140
138
233
174
130
187
159
135
247
192
189
195
132
207
211
169
172
158
194
189
249
136
168
155
230
140
210
195
228
145
199
185
225
193
154
217
152
197
245
236
137
231
238
201
228
213
151
243
223
200
172
225
245
205
149
145
241
227
204
205
133
141
249
153
183
139
165
148
147
141
136
144
149
147
131
132
134
134
135
256
137
138
166
142
142
143
143
144
159
146
161
148
160
150
151
152
153
157
156
156
157
158
162
161
164
163
163
164
166
167
167
177
169
170
171
173
173
175
175
176
179
181
180
180
181
186
184
184
185
186
187
256
190
190
191
198
193
194
196
196
197
198
254
200
201
202
203
204
209
206
208
208
209
255
214
212
213
215
215
254
220
218
219
221
222
222
223
224
253
226
240
232
229
230
231
232
233
234
235
237
237
238
239
240
242
242
252
246
246
247
248
248
250
251
251
252
253
255
257
258
257
258
-1
