165
191
131
218
189
184
247
221
138
192
158
237
154
196
173
212
153
210
224
206
194
223
155
231
147
162
139
245
154
211
219
184
235
130
137
226
230
199
133
194
244
193
203
157
202
233
209
223
141
173
178
140
239
152
177
182
174
177
160
205
254
133
162
215
149
209
164
217
237
142
182
161
188
170
204
241
246
224
130
210
148
217
160
238
186
134
219
169
216
170
230
187
131
229
174
187
195
151
145
136
220
172
240
202
232
215
179
243
185
167
234
214
205
141
136
148
228
172
158
244
151
143
147
228
181
157
165
180
238
248
132
132
134
135
135
144
137
138
139
140
142
143
144
146
145
146
256
150
149
150
255
152
153
155
156
156
255
159
159
168
161
163
163
164
166
166
167
168
169
171
171
197
175
175
176
176
196
178
179
180
181
183
183
198
185
186
189
188
190
190
191
192
193
198
195
200
197
201
199
200
201
208
203
204
207
206
207
208
257
212
211
213
213
214
251
216
250
218
221
220
222
222
226
225
225
227
227
253
229
235
231
232
233
234
236
236
250
241
239
240
242
242
243
249
245
246
247
248
249
252
251
252
253
254
256
257
258
258
-1
