131
183
217
243
178
192
251
156
139
134
136
230
214
138
240
140
186
172
148
173
223
179
151
184
250
142
160
166
145
158
203
193
189
234
194
159
177
210
234
154
137
159
199
219
238
138
196
144
203
148
243
153
222
187
131
224
185
231
241
143
237
204
213
164
250
215
199
132
229
244
172
156
222
244
149
152
154
194
238
253
183
235
245
191
176
187
205
152
140
130
188
210
188
134
232
246
176
150
202
139
218
227
225
192
225
211
143
130
155
202
237
205
186
174
151
212
246
179
218
162
161
157
174
208
224
220
235
195
135
206
133
132
133
252
135
136
137
166
141
142
141
146
146
144
145
147
147
165
149
150
162
168
153
163
155
163
157
158
169
160
161
168
164
165
167
169
167
170
171
170
171
180
173
175
175
180
177
178
182
181
181
182
257
184
185
254
197
189
190
190
191
198
193
197
195
196
201
198
200
200
201
252
208
204
207
206
207
209
209
215
211
212
213
214
216
216
217
221
219
220
221
230
223
228
226
226
227
228
229
233
231
232
233
254
236
236
241
239
239
240
242
242
245
249
248
247
247
248
249
255
251
253
256
255
258
256
257
258
-1
