191
176
199
219
213
239
179
224
191
194
167
182
182
172
202
211
131
214
225
202
178
163
217
233
141
219
195
166
164
245
192
249
220
171
142
135
231
147
220
189
136
238
133
196
130
150
180
133
166
183
174
236
178
227
168
137
130
234
165
228
245
250
226
151
231
140
201
223
198
194
243
223
209
150
222
181
199
225
160
148
190
146
197
135
161
140
145
249
203
222
161
232
174
246
138
186
160
155
197
177
143
163
168
154
146
152
181
238
177
213
154
132
244
227
228
205
189
153
149
162
221
198
175
187
242
207
200
167
141
217
131
132
134
134
139
136
137
138
139
157
143
142
144
144
145
156
147
148
149
156
151
152
153
158
155
157
158
159
159
254
254
162
253
164
165
169
169
170
171
170
172
173
173
258
175
176
255
188
179
180
184
185
183
184
185
186
187
188
216
190
193
192
193
212
195
196
210
207
205
200
201
204
203
204
206
206
208
208
209
210
211
212
214
215
215
216
218
218
255
251
221
247
239
224
235
226
229
229
230
230
236
232
233
234
235
237
237
240
241
240
241
242
243
244
246
248
247
248
252
250
251
252
253
257
256
256
257
258
-1
