184
204
167
163
226
144
181
139
209
244
189
229
216
204
145
182
197
158
160
130
222
185
141
198
164
205
202
146
238
188
232
208
206
216
214
148
234
130
250
196
174
170
194
136
134
245
140
237
220
229
195
186
163
220
159
179
203
169
219
135
245
154
154
249
189
139
240
175
147
225
235
186
177
162
228
226
175
135
236
212
142
142
194
225
195
137
131
188
246
178
157
201
239
235
131
237
155
211
227
174
158
190
132
230
252
161
161
197
201
177
133
200
167
236
136
171
210
248
183
217
223
215
251
133
157
170
141
155
143
214
253
132
149
134
153
138
137
138
148
140
149
151
143
144
145
146
147
152
150
150
151
152
153
256
156
156
250
169
159
160
166
162
164
165
165
166
168
168
173
171
172
172
173
190
176
176
180
178
179
180
181
182
183
184
185
187
187
191
192
191
193
192
193
257
252
196
199
198
199
200
208
202
203
206
205
207
207
209
213
210
211
212
213
224
215
218
217
218
219
221
221
222
223
224
251
232
227
228
231
230
231
233
233
234
243
238
239
241
240
241
242
242
243
244
247
246
247
248
249
254
253
255
255
254
257
256
258
258
-1
