235
155
142
245
251
164
208
192
130
140
131
212
200
140
150
188
172
147
228
215
218
155
135
236
220
163
233
171
225
174
144
196
195
158
214
192
145
218
231
146
171
172
203
247
211
169
190
241
244
190
167
221
152
136
233
156
187
205
130
194
210
223
178
187
191
165
148
175
215
241
137
137
243
133
176
167
252
166
166
231
230
217
179
141
160
201
216
207
199
195
227
149
198
153
133
173
234
156
176
224
163
134
183
240
197
150
208
226
255
136
198
223
246
157
232
199
141
225
206
229
251
209
240
132
181
210
151
162
214
213
131
132
184
134
135
139
138
138
139
182
143
142
143
144
145
146
147
148
149
152
151
153
154
154
160
157
159
158
159
161
161
162
185
164
165
168
170
168
169
170
184
179
173
174
175
177
177
178
180
180
181
182
183
186
185
186
189
188
189
255
191
193
193
194
254
196
197
202
202
200
201
204
203
204
205
206
207
257
209
252
211
212
213
248
222
216
217
219
219
220
221
222
246
224
239
226
227
228
229
230
237
232
237
234
235
236
238
238
239
247
242
242
243
244
245
248
249
249
250
250
253
256
253
254
256
258
257
258
-1
