138
242
234
167
212
133
188
239
145
146
248
245
173
184
166
157
187
192
140
152
211
163
238
130
210
154
240
176
131
213
177
130
195
223
220
208
134
141
174
246
204
151
137
145
235
244
217
221
179
135
152
146
208
166
237
215
170
186
185
210
148
162
147
178
235
194
158
231
232
221
233
180
159
183
131
192
238
160
159
246
241
197
163
224
142
222
143
139
249
213
214
211
142
155
154
157
223
136
229
160
226
207
199
201
228
186
155
169
161
199
180
194
226
201
175
134
150
218
164
222
132
182
136
196
173
196
169
144
239
198
255
132
133
251
135
253
137
138
139
140
141
257
143
144
251
149
147
148
149
150
151
153
153
250
156
156
206
158
191
168
161
162
165
164
165
168
167
170
171
171
172
172
190
174
175
176
177
178
179
181
181
182
183
184
185
189
187
188
189
190
191
193
193
204
195
200
197
198
202
200
203
202
203
205
205
206
207
209
209
249
215
212
217
214
216
216
218
219
219
220
253
227
224
225
225
227
229
228
230
230
231
232
233
234
236
236
237
252
243
240
241
242
243
244
245
247
247
248
252
250
254
254
255
256
258
256
257
258
-1
