161
214
140
181
201
197
252
248
190
236
229
224
198
175
164
135
206
222
141
175
153
145
213
154
250
217
192
164
166
181
231
210
233
150
230
161
249
242
184
243
240
140
254
236
210
203
216
203
135
131
156
130
143
244
130
160
185
219
137
147
157
172
195
173
204
174
191
247
238
132
224
142
184
220
136
197
147
171
144
200
245
133
177
142
187
177
132
208
171
159
212
235
170
193
205
151
199
199
234
189
216
228
227
226
176
207
153
225
150
152
180
235
245
241
189
179
247
155
187
146
162
186
211
214
155
205
226
134
218
208
131
136
133
134
138
137
138
139
139
168
141
149
143
144
145
146
148
148
149
167
151
152
165
154
156
158
157
158
159
160
163
162
163
165
166
168
167
169
169
170
256
172
173
174
182
176
178
178
179
180
183
182
183
195
185
186
188
188
193
190
191
192
194
194
196
196
252
198
202
200
201
202
254
204
251
206
207
209
209
222
211
212
213
215
215
219
217
218
221
220
221
223
223
255
225
230
227
228
229
231
232
232
233
234
239
237
237
238
239
240
241
242
243
244
246
246
256
248
249
250
251
253
253
255
257
258
257
258
-1
