198
131
232
189
186
169
218
226
220
190
185
221
147
233
223
211
149
254
236
208
140
258
178
134
166
228
187
171
226
142
193
153
153
225
184
244
184
183
246
242
255
146
165
241
213
160
244
164
181
134
144
233
234
205
236
245
210
215
181
177
224
140
154
155
232
197
156
203
229
248
147
133
173
196
195
193
243
130
219
176
219
196
194
214
157
135
138
187
214
182
137
152
175
141
151
158
240
201
168
169
135
203
179
238
211
130
195
213
206
222
205
137
170
162
246
207
143
223
151
132
218
143
173
202
177
231
240
204
146
174
131
132
133
165
136
136
138
139
139
161
141
142
144
145
145
150
148
148
149
150
161
152
154
157
155
156
159
158
159
160
162
163
163
164
166
167
167
168
170
172
171
172
255
174
175
176
178
180
179
180
191
182
183
189
185
186
188
188
192
190
191
192
256
194
197
199
199
198
200
200
201
202
252
204
207
206
208
209
209
210
212
212
216
215
216
217
217
253
251
220
221
222
230
224
225
227
227
228
229
230
231
237
234
235
235
237
238
239
239
249
241
242
243
248
245
247
247
250
249
250
251
252
253
254
257
256
257
258
-1
