189
237
199
183
170
216
217
131
194
193
201
164
240
237
142
199
164
144
154
229
139
134
183
141
137
158
190
157
172
208
134
160
161
236
170
226
188
202
200
149
130
135
166
202
174
213
233
131
225
146
207
221
154
162
166
181
178
159
136
171
219
225
171
189
235
234
147
246
241
176
241
149
169
182
213
228
172
141
212
143
192
240
132
233
197
203
214
228
219
244
203
195
140
211
155
136
135
229
239
130
211
160
193
158
232
206
242
232
139
249
155
223
187
197
159
208
146
253
145
148
238
190
192
188
220
223
207
195
248
184
133
132
133
254
185
137
138
138
151
140
151
142
143
144
145
152
147
148
150
150
153
152
153
177
156
156
157
173
167
162
161
163
163
165
165
168
167
168
169
180
173
174
175
176
175
179
177
178
179
180
181
182
186
184
185
186
187
255
253
191
191
254
257
194
196
196
198
198
252
200
201
204
205
204
205
206
210
209
209
210
218
212
214
215
215
216
217
218
220
222
221
222
224
224
226
227
227
230
231
230
231
251
249
234
235
236
246
238
239
243
243
242
244
245
245
247
247
248
250
250
251
252
255
257
256
256
258
258
-1
