233
208
146
231
133
216
251
243
225
189
230
201
160
223
250
247
139
207
182
135
151
172
143
245
136
149
188
249
159
194
169
210
133
239
145
191
199
220
160
149
191
233
224
185
139
184
246
141
157
194
158
219
147
166
175
198
204
162
131
157
221
241
186
229
171
235
212
132
209
192
237
141
219
179
200
161
152
228
147
138
245
226
130
205
208
170
201
167
158
190
236
225
240
130
223
204
184
212
250
179
181
144
240
244
168
171
203
172
135
180
238
222
195
213
224
189
175
165
144
206
140
150
142
193
199
255
244
234
206
168
131
132
134
134
137
136
137
138
156
140
151
142
143
148
145
146
153
148
153
150
152
154
155
154
155
156
176
164
159
161
163
162
163
164
165
166
167
177
169
170
174
173
173
174
177
176
178
178
183
180
181
182
183
186
185
187
187
188
258
190
192
195
193
196
197
196
197
198
218
200
202
202
203
217
205
211
207
214
209
210
211
213
214
215
215
216
217
218
257
220
221
222
254
228
227
226
227
229
230
232
231
232
254
234
235
236
237
238
239
242
241
242
243
252
247
246
248
248
249
252
251
253
253
255
256
256
257
258
-1
