174
136
171
151
131
152
177
222
134
200
191
239
205
221
205
178
227
221
246
225
229
189
234
170
198
216
142
148
160
161
156
178
169
148
239
146
161
208
204
135
222
213
253
230
250
206
173
175
227
154
203
192
228
182
218
147
158
203
158
157
193
165
249
207
196
236
236
159
242
182
137
154
137
191
189
180
138
218
163
210
226
210
215
176
172
219
130
216
193
213
153
164
228
235
163
156
238
245
136
237
142
130
139
175
200
231
206
229
147
242
257
133
201
246
141
194
162
249
234
170
165
171
190
151
132
212
220
179
131
201
145
132
133
134
135
144
140
138
139
140
141
143
143
144
145
146
149
150
149
150
251
152
153
155
155
184
157
184
159
160
168
162
166
164
167
166
167
168
169
181
181
172
173
174
186
176
177
185
179
180
183
185
183
186
187
187
188
188
197
190
195
192
194
197
195
196
198
199
199
251
202
202
255
204
252
207
209
208
209
211
211
212
214
214
215
217
217
252
219
220
224
223
223
224
225
226
247
233
232
230
231
232
233
243
235
237
238
240
241
240
241
244
243
244
245
248
247
248
257
250
254
253
254
255
256
256
258
258
-1
