224
236
230
243
173
200
214
153
238
193
180
136
239
226
163
255
209
189
132
160
156
131
225
232
158
222
189
175
193
229
184
215
147
158
142
143
205
153
140
199
194
202
168
165
163
167
228
134
191
210
174
245
196
229
197
224
135
160
187
149
242
244
164
131
242
247
146
190
211
152
143
133
130
133
183
221
241
190
225
168
222
187
166
220
213
233
146
248
219
217
212
206
218
137
231
182
185
140
154
181
169
212
175
171
150
202
233
197
231
248
151
192
243
169
155
209
177
150
182
174
130
185
198
216
216
228
219
157
177
139
145
132
136
134
135
138
137
138
139
141
141
142
144
144
145
147
148
148
149
254
151
152
162
154
155
156
157
159
159
161
161
162
252
164
165
166
167
172
170
170
171
172
173
179
176
176
178
178
179
180
181
208
183
184
186
186
188
188
205
198
191
192
194
195
195
196
203
199
201
200
201
203
204
204
207
206
207
208
255
210
211
251
213
214
215
250
217
218
252
220
221
223
223
258
227
226
227
240
234
230
236
232
234
235
235
237
237
238
239
240
241
250
246
244
245
246
247
249
249
251
253
253
256
254
257
256
257
258
-1
