153
190
212
247
178
223
218
251
216
226
213
184
163
149
230
210
202
135
150
175
130
131
226
181
140
231
241
216
250
154
161
137
222
252
134
156
185
197
174
166
140
233
147
158
142
212
155
188
139
204
134
184
179
148
204
176
169
220
254
224
198
180
203
167
179
130
136
165
172
172
174
192
219
242
144
165
142
132
183
217
208
236
162
132
214
189
206
166
227
251
201
199
211
133
171
151
233
235
153
214
186
191
225
186
249
238
182
232
209
249
247
242
213
228
157
200
211
197
223
149
185
170
230
239
160
196
147
136
208
234
131
138
133
143
135
139
137
138
141
146
141
143
145
144
145
146
161
148
151
150
152
152
159
154
155
156
157
158
159
160
163
162
164
164
257
168
167
168
169
170
171
173
173
176
175
177
177
178
195
180
181
182
183
193
194
187
187
188
189
190
191
192
193
194
195
196
205
198
199
200
201
202
203
205
207
206
207
255
209
210
256
245
244
215
215
219
217
218
220
221
221
222
245
224
225
228
227
229
229
237
231
232
237
234
235
236
239
238
240
240
241
243
243
244
246
246
248
248
257
250
252
253
253
254
255
256
258
258
-1
