183
142
188
244
165
199
137
170
194
218
155
167
246
236
178
140
204
191
237
131
157
186
144
218
216
137
136
151
225
233
192
235
157
203
230
135
228
207
200
133
153
154
143
220
178
194
211
171
219
217
217
164
246
171
163
239
212
215
200
161
238
230
131
226
142
231
226
186
215
148
184
179
205
234
155
175
182
169
204
188
210
175
227
141
185
169
152
240
207
228
130
206
149
213
139
152
241
242
214
162
138
227
172
182
176
134
139
220
130
167
245
141
176
180
232
208
214
239
210
143
174
201
191
243
192
236
161
148
180
195
132
132
133
134
135
136
249
138
159
140
147
145
145
144
146
146
147
150
149
150
151
158
153
154
156
156
159
158
160
160
165
162
163
164
166
166
168
168
253
170
173
172
173
174
247
177
177
197
179
181
181
189
183
184
185
187
187
189
190
190
196
193
193
196
195
197
198
198
199
202
201
202
203
254
205
206
209
208
209
249
211
212
213
253
224
216
223
221
219
222
221
222
223
224
225
255
247
229
229
250
231
232
233
234
235
254
237
238
251
240
241
242
243
244
245
248
251
248
252
250
256
252
258
257
255
256
257
258
-1
