143
166
247
233
195
226
203
228
160
188
183
173
194
207
138
148
240
178
219
161
214
143
248
193
239
153
234
211
188
201
135
189
184
147
209
162
245
240
204
131
222
201
182
226
132
216
152
199
171
141
149
161
186
166
162
208
152
187
243
238
209
242
155
210
208
212
237
202
185
190
149
153
134
167
231
172
131
169
159
136
130
140
178
206
206
182
248
227
230
142
156
214
157
130
224
138
168
139
242
212
160
205
194
179
232
165
164
185
192
174
231
255
159
249
244
156
221
197
164
193
141
229
192
239
175
147
134
234
210
247
132
133
133
135
136
137
137
146
139
140
144
142
145
144
145
146
150
148
151
150
151
256
154
154
155
158
157
158
253
180
176
163
163
175
165
168
167
169
170
170
171
172
173
174
176
177
177
181
179
180
181
255
183
184
257
186
187
191
189
190
191
200
198
196
195
196
197
198
199
200
223
202
203
204
205
225
207
218
211
213
217
213
215
215
217
216
218
219
220
220
221
222
223
224
225
253
227
228
229
230
235
232
233
236
235
236
237
238
252
241
241
244
243
246
245
246
251
250
249
250
251
252
254
254
256
257
258
258
-1
