198
190
226
194
219
142
154
159
138
183
191
157
153
147
201
158
220
158
136
204
223
138
203
241
198
212
181
172
155
130
217
150
240
228
188
145
238
175
197
182
215
177
226
230
214
206
149
232
132
248
205
188
169
210
144
231
185
244
140
132
175
249
238
137
250
200
139
209
211
184
131
166
164
243
156
228
141
211
157
204
245
150
144
227
159
189
236
247
162
136
213
201
199
246
253
240
239
133
176
219
165
236
168
215
208
156
180
166
252
200
147
149
195
139
135
192
232
148
170
179
183
191
176
165
143
130
216
229
181
242
131
134
133
134
135
255
137
252
253
140
141
142
143
145
146
146
169
148
152
151
151
152
153
154
155
173
161
163
160
160
161
162
163
164
171
167
167
168
170
171
173
172
174
174
254
178
177
178
179
180
185
182
187
184
186
186
187
196
189
190
193
192
193
194
195
196
197
223
199
225
202
202
203
205
207
206
207
208
209
210
220
212
213
214
218
216
217
218
221
221
222
222
224
224
225
234
227
233
229
230
231
233
234
235
235
237
237
251
239
254
241
242
243
244
245
246
247
248
249
250
251
257
256
255
256
258
257
258
-1
