163
201
160
215
180
213
173
193
240
229
244
148
234
222
146
198
235
136
144
191
191
213
159
203
197
184
236
174
202
198
143
229
212
211
133
190
132
175
221
188
246
216
131
183
147
248
135
132
246
143
206
130
130
252
224
145
233
153
150
185
165
239
251
172
200
161
145
204
217
134
221
158
234
135
183
189
170
224
139
166
170
231
211
150
178
162
193
202
220
166
139
164
164
181
200
204
147
146
137
177
173
199
238
182
192
205
194
218
155
203
180
247
219
252
239
187
220
230
179
167
233
174
243
161
138
222
171
217
151
207
131
137
133
134
138
136
141
140
140
141
142
142
157
144
154
151
149
148
149
152
152
155
153
154
156
156
157
158
159
160
255
162
163
167
165
168
169
168
169
256
171
172
254
176
175
176
177
178
179
254
181
182
185
184
186
186
187
188
189
190
192
194
195
196
195
196
197
256
199
249
201
208
206
210
205
209
207
208
209
210
242
212
214
214
215
216
225
218
219
226
227
223
223
225
226
227
228
228
232
230
231
232
242
237
235
236
237
238
240
241
241
244
243
245
245
249
247
248
250
250
251
253
253
257
255
258
257
258
-1
