242
137
169
155
225
218
182
162
178
169
234
211
144
253
202
180
206
132
232
199
154
210
231
246
227
233
174
193
160
161
214
198
130
226
203
153
152
138
246
231
210
197
183
165
147
135
164
204
250
201
184
152
135
136
181
212
163
146
199
144
236
159
151
211
146
230
162
191
139
205
229
185
150
176
201
179
141
143
142
188
149
136
245
237
208
143
190
207
239
243
241
159
250
242
178
180
208
230
191
131
235
183
168
214
244
148
155
222
240
156
217
133
170
219
167
209
198
229
172
188
148
209
186
239
215
130
189
134
238
192
131
132
133
134
254
140
137
138
139
140
141
142
255
145
145
177
147
175
149
150
151
156
153
154
158
157
157
158
172
160
161
163
166
164
165
166
167
168
170
171
171
173
173
174
175
176
177
251
179
192
181
182
186
184
185
187
187
193
189
190
194
195
194
196
195
196
197
225
200
200
223
202
203
204
205
206
207
222
215
220
213
212
213
216
220
216
217
218
219
221
221
224
223
224
226
228
227
228
252
251
252
232
233
234
235
236
237
238
249
240
241
245
243
244
248
247
247
248
249
256
254
253
256
257
255
258
257
258
-1
