231
202
186
203
153
242
131
195
206
130
179
238
243
225
221
148
161
226
169
212
232
138
243
167
146
219
245
242
208
160
162
246
215
233
241
239
240
176
139
240
156
215
209
199
174
135
208
154
194
142
237
217
138
191
156
214
163
205
179
177
144
151
217
235
164
230
149
190
182
150
165
237
185
200
149
207
202
172
225
180
234
147
218
207
228
258
152
182
169
158
137
184
159
195
130
203
193
223
140
174
235
220
157
227
209
197
180
133
186
136
168
252
231
183
196
132
131
254
239
229
164
155
167
135
142
158
210
250
194
166
133
132
134
134
143
136
137
140
139
141
141
145
143
144
145
146
147
148
256
150
151
152
153
154
155
190
157
178
159
160
161
162
163
173
165
166
170
168
171
170
171
172
173
175
175
176
177
178
188
181
181
189
183
184
185
187
187
188
189
192
191
192
193
201
198
196
197
198
199
200
201
256
204
204
205
206
224
210
212
211
211
213
213
214
216
216
222
218
219
220
221
222
223
224
254
226
227
228
229
230
251
232
233
234
236
236
250
238
248
245
241
247
244
244
249
246
247
248
249
251
252
253
253
255
255
257
257
258
-1
