243
224
189
136
150
214
206
156
131
198
136
188
143
200
230
144
162
217
209
180
150
137
252
254
169
199
220
134
224
192
245
211
162
198
226
249
236
212
142
211
145
241
146
167
218
223
235
239
180
227
182
184
231
166
219
193
153
160
257
169
200
208
132
130
170
228
204
230
158
245
151
242
142
177
139
194
148
157
173
217
208
147
140
181
258
183
206
149
168
140
215
191
204
235
176
216
229
223
135
197
187
190
158
181
187
131
175
134
237
156
130
195
173
196
195
238
161
210
233
172
189
185
151
191
214
222
143
213
160
203
132
133
133
168
135
138
137
138
139
141
141
175
155
144
145
146
147
148
149
154
152
152
153
154
155
165
157
159
159
163
161
164
163
164
165
166
167
170
178
171
171
172
174
174
177
176
178
179
179
254
184
182
183
186
185
186
251
188
253
190
251
192
193
194
250
196
197
199
201
202
201
202
203
205
205
207
207
247
209
210
248
212
213
241
215
216
220
218
219
221
221
222
234
225
225
226
227
228
229
231
232
232
233
234
240
236
237
238
239
240
242
244
243
244
246
246
247
248
249
250
252
255
253
255
256
256
257
258
-1
