226
152
181
255
190
236
140
144
143
150
212
228
162
234
162
139
185
180
165
130
195
248
144
157
154
142
163
191
187
251
161
132
184
245
247
213
218
145
166
249
160
140
182
171
151
131
196
194
240
133
151
176
164
232
138
156
209
134
243
231
146
233
221
242
199
172
226
149
229
210
241
222
148
188
219
130
197
238
250
192
199
197
229
214
220
204
153
142
232
134
240
154
182
225
185
224
230
215
163
190
212
159
192
188
224
137
205
159
204
206
174
236
137
237
215
244
245
200
198
164
135
193
152
216
175
202
254
243
180
161
131
132
133
136
135
136
179
138
139
141
141
178
143
146
145
147
147
148
149
150
176
156
153
155
155
157
158
158
173
160
167
165
170
168
168
166
167
169
169
170
171
172
173
174
175
177
177
178
179
256
181
183
183
184
186
186
187
189
189
211
191
203
193
194
195
196
207
198
201
200
201
202
203
205
206
207
208
208
209
210
211
223
213
214
217
216
217
218
219
220
221
222
223
257
225
227
227
228
257
230
231
235
233
234
235
237
238
239
239
253
241
242
251
244
246
246
247
248
249
250
252
252
253
254
255
256
258
258
-1
