206
172
219
147
202
181
242
148
223
139
141
178
211
212
213
223
131
196
255
167
206
180
153
190
155
186
234
233
134
220
179
159
239
194
169
228
208
241
146
165
177
227
143
163
198
234
227
217
228
200
213
221
179
144
247
150
218
137
221
137
231
207
185
243
147
224
148
130
169
150
229
226
182
157
237
245
151
130
197
218
163
133
251
135
250
235
204
139
214
162
173
178
198
151
132
203
187
162
239
171
210
222
132
247
143
255
187
205
170
226
140
189
168
231
166
184
138
184
217
186
138
241
243
181
195
167
196
230
193
146
131
135
133
134
136
136
159
160
142
140
141
142
144
145
145
158
155
149
149
152
152
153
154
154
156
156
157
158
161
160
161
174
164
164
165
166
175
168
173
170
171
172
174
175
176
176
177
258
215
180
182
183
183
189
185
188
188
190
192
191
191
192
193
194
195
200
197
199
199
201
201
202
203
204
205
207
208
209
209
210
211
212
215
214
216
216
257
249
219
220
254
222
225
224
225
249
250
237
229
230
232
232
233
236
235
236
238
238
240
240
244
242
246
244
245
246
248
248
252
253
251
252
253
254
256
256
257
258
-1
