156
226
156
168
169
227
142
157
213
183
179
176
152
132
229
244
141
196
228
230
181
220
203
135
232
207
147
242
143
145
130
146
198
133
227
201
139
212
204
131
154
187
189
185
243
153
234
226
160
144
233
248
195
236
161
216
174
194
148
187
223
238
135
230
178
154
211
159
152
235
223
145
147
202
182
172
180
243
251
131
198
132
173
142
158
200
202
250
184
252
138
180
165
139
232
225
205
188
244
210
231
236
173
191
214
130
190
253
209
201
204
158
189
172
163
194
169
177
242
207
215
209
184
175
240
216
186
199
149
136
171
133
134
134
136
137
137
138
140
140
141
167
143
144
148
146
149
150
150
151
151
164
153
155
155
164
157
161
159
160
162
162
163
166
165
166
167
168
170
170
171
255
255
174
175
176
177
178
179
256
181
182
183
256
185
186
192
188
190
191
192
193
193
197
195
196
197
221
199
200
215
218
203
206
205
206
208
208
217
210
211
212
213
214
217
218
219
221
219
220
222
222
224
224
225
254
249
228
229
239
231
238
233
234
235
237
237
241
239
240
241
247
246
245
245
246
247
248
249
250
251
252
253
254
257
258
257
258
-1
