179
153
168
233
151
142
160
155
250
142
144
212
226
247
227
237
233
220
209
144
192
199
176
185
163
164
224
163
157
157
225
162
223
198
145
148
145
159
170
214
133
185
158
183
134
228
240
164
202
193
208
138
148
180
196
174
236
245
218
186
206
180
217
204
131
245
159
214
141
137
200
237
246
149
162
196
152
216
228
134
190
177
232
239
238
202
242
130
195
205
221
150
234
221
130
220
235
167
133
194
226
209
197
231
137
132
198
187
182
247
143
192
238
154
218
141
154
253
174
190
136
165
189
225
210
215
178
165
176
236
131
132
139
135
135
136
138
140
139
140
256
256
143
147
146
146
147
255
149
150
151
152
153
155
156
156
171
158
161
160
161
169
170
169
166
166
167
168
172
171
173
172
173
175
175
182
177
178
179
181
181
184
183
184
186
188
187
188
189
191
191
211
193
194
195
206
197
200
199
201
201
203
203
204
205
207
207
208
211
210
212
213
213
255
215
216
217
219
219
254
222
222
223
224
252
229
227
230
229
230
231
232
249
234
235
241
242
241
239
240
244
243
243
244
248
246
248
249
250
251
251
252
253
254
258
257
257
258
-1
