131
203
177
219
226
145
154
132
146
243
210
160
249
231
163
135
188
218
252
191
153
133
241
238
175
164
186
180
222
225
147
239
192
194
155
143
170
230
138
226
201
174
232
246
176
180
134
215
178
171
198
209
213
242
218
149
245
225
217
168
136
141
205
150
130
163
173
186
130
229
169
200
220
193
227
210
202
142
156
150
197
145
234
140
143
251
171
136
209
192
183
229
247
216
153
199
159
206
201
208
205
158
181
133
161
137
245
212
154
170
215
207
149
139
185
231
187
173
184
197
234
191
146
221
211
151
240
159
157
184
131
132
253
134
135
256
137
138
139
140
141
142
144
144
256
148
147
148
253
151
152
152
165
166
155
156
157
158
160
162
161
162
165
164
166
167
167
168
169
252
172
172
178
174
175
176
177
179
179
181
182
182
183
189
185
189
187
188
190
190
194
196
193
195
195
196
257
198
199
200
204
202
203
204
246
206
207
208
238
214
211
212
213
214
223
216
217
224
219
220
221
222
223
224
237
228
227
228
236
230
232
233
233
235
235
236
237
239
240
244
241
242
243
244
248
249
247
248
250
250
251
254
254
255
255
258
257
258
-1
