187
137
131
136
162
134
188
215
139
205
162
204
222
232
217
132
211
234
160
155
179
138
150
242
226
210
151
239
228
135
140
166
240
133
184
163
149
182
234
179
145
230
195
241
164
194
175
185
154
188
221
233
186
191
216
206
192
168
245
223
155
130
224
160
178
212
149
227
196
232
181
191
150
233
171
240
189
183
242
153
211
138
169
194
148
133
208
250
156
144
200
180
167
190
216
195
177
196
164
208
203
207
170
207
219
186
154
214
172
227
130
166
159
221
229
142
238
144
213
225
183
237
230
174
146
173
213
203
238
134
131
132
246
140
135
136
137
141
139
143
141
142
143
147
145
146
147
148
255
152
151
152
153
158
157
156
157
158
159
161
161
247
163
165
165
176
167
168
169
170
171
172
173
174
175
176
177
178
251
180
181
182
249
184
185
201
187
200
189
190
193
192
193
199
197
197
198
198
199
201
202
202
246
204
205
206
255
209
209
210
253
212
217
214
215
218
219
218
220
220
247
222
223
224
225
226
248
228
229
231
231
249
235
236
235
236
237
250
239
243
241
243
244
244
245
248
252
251
258
254
252
253
257
254
256
256
257
258
-1
