191
179
132
238
216
196
223
200
174
131
137
138
236
194
223
183
172
155
239
217
226
206
203
207
197
181
145
138
164
179
233
167
163
169
165
171
182
230
185
221
144
193
243
166
134
144
141
184
187
133
141
158
196
209
148
213
135
149
238
193
232
199
159
177
185
240
150
235
234
165
229
148
176
130
231
215
145
192
214
224
225
211
220
220
174
189
241
183
197
187
152
142
205
236
190
235
159
192
208
219
162
171
149
237
169
176
140
173
210
186
153
225
130
160
202
177
160
204
210
242
140
137
181
133
153
143
206
163
216
233
131
132
134
136
135
136
251
139
139
246
155
142
143
146
147
146
147
156
150
151
151
152
154
154
157
156
157
158
244
161
161
162
248
164
167
166
168
168
170
170
246
172
173
175
175
254
178
178
180
180
244
182
250
184
249
186
188
188
189
190
191
252
195
194
195
199
198
198
201
200
201
202
203
204
205
250
207
208
209
212
211
212
213
214
215
218
217
218
219
222
221
222
226
224
227
228
227
228
229
230
231
232
253
234
245
248
237
251
239
240
241
242
243
245
247
249
247
253
258
255
255
252
256
254
257
256
257
258
-1
