146
256
222
186
203
154
141
166
160
194
175
156
219
241
227
152
210
164
138
249
185
208
176
152
220
233
134
161
204
208
191
251
212
172
238
180
181
237
221
241
243
189
187
225
233
131
217
151
135
155
174
211
163
223
144
198
217
232
147
187
149
250
244
247
238
232
157
254
130
221
131
139
138
184
237
161
165
180
192
213
206
184
197
158
153
191
158
205
242
162
252
157
253
177
193
148
211
219
227
218
142
229
226
182
207
195
168
139
199
213
226
130
202
202
247
132
151
146
182
163
209
133
230
165
135
166
149
171
132
251
142
137
133
134
136
136
137
143
140
140
141
145
143
144
145
257
147
148
150
150
200
175
153
154
155
156
176
159
159
160
169
162
170
164
169
167
167
168
171
170
173
172
173
174
178
177
179
178
179
197
181
183
183
190
185
186
188
188
189
190
196
192
193
194
195
196
199
198
201
200
201
256
203
204
205
206
207
216
209
210
212
215
214
214
215
216
245
218
234
220
224
222
223
224
225
231
228
228
229
230
231
234
235
236
235
236
239
239
240
240
244
242
243
245
246
246
248
248
249
250
255
252
253
254
255
257
258
258
-1
