184
186
205
248
168
145
243
187
136
235
160
227
138
226
247
203
202
222
147
177
173
245
216
178
137
219
220
230
166
166
208
143
237
238
156
213
178
206
176
242
217
167
163
130
241
246
130
248
135
195
155
146
229
227
193
176
141
162
228
198
170
194
153
236
216
215
155
212
150
197
193
247
183
236
251
220
189
233
174
200
202
207
251
229
231
149
182
171
139
146
159
152
197
156
137
244
163
218
239
221
201
213
133
134
217
171
205
234
173
199
132
162
131
170
160
225
167
168
149
211
139
174
203
242
181
214
148
164
152
138
131
132
133
134
135
136
143
142
140
140
141
142
144
144
145
258
147
148
151
150
151
154
153
154
158
157
157
158
159
161
161
192
164
165
165
186
187
169
169
185
172
172
185
175
175
180
177
179
179
180
181
182
183
184
188
189
190
188
191
190
191
192
196
194
195
196
257
198
199
200
201
209
204
204
209
206
207
208
210
210
211
212
256
214
215
252
219
218
224
221
222
223
223
224
225
226
253
228
232
230
231
232
233
234
235
237
238
239
240
240
241
254
243
244
245
246
250
249
249
250
254
252
253
255
255
256
257
258
-1
