179
164
204
132
170
224
237
146
217
135
229
213
167
235
214
171
236
222
232
140
131
182
250
186
171
240
163
219
195
141
226
137
152
172
246
134
149
209
227
160
199
222
244
201
239
206
150
216
187
151
245
147
249
227
166
197
213
185
133
193
204
207
144
237
240
166
150
137
147
229
189
225
231
189
132
135
130
175
217
176
245
184
130
215
143
154
138
202
226
180
175
200
192
185
248
192
215
200
139
231
203
152
170
155
154
146
195
191
181
202
144
141
223
153
174
203
198
246
182
206
233
145
205
207
174
233
145
162
183
158
131
251
133
134
136
136
253
138
139
140
142
142
143
165
164
161
148
148
149
157
151
156
153
156
155
157
159
158
159
160
161
162
163
165
168
167
169
168
169
254
172
173
173
177
177
176
178
178
179
180
181
255
183
184
187
186
188
188
190
190
191
194
193
194
196
196
197
198
199
252
201
257
212
211
205
210
208
208
209
210
211
212
216
214
220
218
218
219
220
221
221
253
223
224
225
239
228
228
230
230
241
232
234
234
235
236
238
238
243
242
241
242
243
244
252
247
247
248
249
250
251
254
256
257
255
256
258
258
-1
