182
244
164
130
180
208
145
171
160
134
184
146
153
152
163
231
183
202
177
154
220
223
149
230
198
198
226
169
206
210
132
173
180
218
172
191
136
145
238
178
174
196
179
133
165
138
131
220
229
185
168
142
211
223
236
130
232
144
224
204
183
151
159
148
161
246
154
227
219
176
214
148
162
162
167
234
226
238
152
210
182
200
143
245
196
141
157
158
217
203
140
216
216
168
189
172
178
142
156
248
214
199
212
197
246
159
144
137
202
237
237
165
225
181
174
134
149
132
233
207
218
255
150
254
244
221
227
231
141
200
131
139
133
135
135
136
137
138
139
140
249
251
143
250
147
146
147
253
254
150
151
192
153
155
155
156
157
158
187
160
161
189
163
164
166
166
167
169
170
170
171
188
173
175
175
176
177
186
179
185
181
191
188
184
186
187
193
190
192
190
194
195
193
194
195
258
197
208
199
201
201
204
203
205
205
206
207
209
209
213
211
212
213
215
215
251
217
241
219
221
222
222
242
224
225
243
228
228
229
230
234
232
233
235
235
236
240
239
239
240
241
242
243
252
245
247
247
248
249
250
256
252
253
255
257
256
257
258
-1
