166
196
200
171
184
131
217
170
154
169
177
158
133
202
211
140
248
163
160
190
159
228
245
166
150
246
221
235
233
236
221
251
245
183
136
227
212
170
202
203
148
137
241
138
172
130
232
226
238
247
132
197
169
175
204
191
206
142
158
206
181
130
150
216
144
213
140
218
185
231
171
187
165
237
253
230
196
229
207
157
230
178
163
234
179
214
147
244
208
152
212
217
189
198
136
193
133
213
176
211
201
162
207
227
167
142
232
134
134
188
145
178
177
160
201
190
210
235
143
182
154
188
234
149
216
219
144
156
165
180
131
132
249
135
135
139
137
138
139
141
141
153
143
145
146
146
147
148
149
151
151
152
153
155
155
156
157
252
159
161
161
162
164
164
248
168
167
168
250
174
172
173
173
174
175
176
193
184
179
180
181
182
183
185
186
186
187
194
189
192
191
192
194
195
195
199
197
198
199
200
254
205
203
204
205
256
209
208
209
210
223
224
214
215
215
224
220
218
219
220
222
222
223
225
225
226
254
228
229
241
231
243
233
239
238
236
237
240
239
240
242
242
243
244
250
246
247
249
251
253
255
252
255
258
256
257
257
258
-1
