229
162
235
169
175
157
225
133
133
152
181
150
160
158
236
207
166
181
215
168
154
233
194
207
233
130
174
244
196
211
210
187
249
226
147
150
190
144
238
222
137
193
171
192
172
163
134
250
213
205
231
139
221
223
245
225
239
193
214
220
237
214
156
239
188
201
186
201
143
132
232
149
199
223
186
187
134
204
159
212
240
148
219
237
131
132
203
172
138
164
219
192
199
251
165
231
145
170
162
141
247
140
178
194
197
140
180
142
166
143
208
212
170
176
198
174
210
171
160
168
245
221
161
238
248
130
227
188
158
209
131
154
135
136
135
136
137
138
139
152
141
142
145
144
146
146
147
148
149
151
151
153
153
155
155
156
157
254
159
253
161
182
163
164
165
167
167
184
169
180
177
173
173
176
175
177
178
179
179
185
182
183
183
184
185
257
191
189
189
190
191
252
203
195
195
196
197
198
200
200
202
202
204
206
205
206
256
208
209
216
211
216
213
215
217
218
217
218
253
220
227
222
224
224
228
226
229
228
230
230
252
232
234
234
235
236
241
242
241
240
243
242
243
244
246
246
247
248
249
250
251
258
254
255
255
256
257
258
-1
