176
137
181
223
245
150
158
183
167
176
174
180
164
201
202
147
205
132
144
148
195
165
138
170
133
147
135
166
220
146
203
201
207
146
224
245
130
244
187
131
150
222
242
221
156
193
247
193
243
163
226
242
213
208
197
156
230
175
190
191
164
162
203
230
214
139
226
168
232
179
149
177
138
161
240
220
238
225
250
246
251
199
196
195
141
229
228
133
194
130
139
228
232
202
137
182
246
169
178
184
198
241
155
204
158
160
244
200
183
169
223
142
179
238
207
209
181
210
216
175
239
155
144
215
233
239
136
177
211
187
131
132
134
134
135
136
153
143
140
140
141
142
143
145
145
152
152
148
149
151
151
153
154
154
173
157
157
159
159
160
161
162
163
171
165
166
167
168
172
170
171
172
173
174
257
255
191
178
186
180
186
182
185
184
185
188
189
188
189
190
192
192
255
194
218
196
197
198
199
200
212
212
204
205
206
206
211
208
209
210
216
213
215
214
217
217
219
218
219
237
221
222
235
224
225
227
227
233
229
231
231
234
235
234
236
236
237
258
249
240
241
249
243
250
253
248
247
248
251
252
252
254
253
254
256
256
257
258
-1
