220
207
139
210
245
210
216
235
231
205
147
134
155
152
243
149
220
148
158
144
226
132
172
192
133
142
253
179
135
187
197
248
256
151
148
217
234
162
181
142
221
172
177
166
239
163
149
204
194
184
215
183
153
229
195
235
231
131
161
200
240
242
135
226
204
239
168
201
140
225
138
181
240
193
216
136
144
196
167
197
214
244
196
151
237
233
136
163
193
212
177
230
160
130
217
211
205
194
208
191
170
190
236
186
156
219
218
139
183
207
138
173
161
154
214
212
178
174
175
170
165
252
202
184
166
175
130
179
131
249
252
132
133
134
247
137
137
140
146
141
141
143
143
145
145
146
147
159
150
150
153
152
154
155
157
156
157
158
159
160
257
162
164
164
165
169
167
168
169
171
171
251
173
174
176
176
188
178
180
180
182
182
186
185
185
189
187
188
189
190
191
192
250
202
195
199
198
198
199
200
201
203
203
248
206
206
209
208
209
256
211
213
213
227
215
222
219
218
221
224
223
222
223
224
225
228
227
228
229
230
232
232
233
234
236
238
237
238
246
241
241
242
243
244
245
246
247
250
249
251
253
255
254
254
255
257
258
258
-1
