231
215
173
197
161
159
136
169
186
187
135
153
154
177
155
206
213
185
134
182
228
201
244
161
180
249
163
219
138
185
200
204
172
131
226
210
200
227
157
228
194
168
220
142
243
150
196
183
135
176
171
218
148
137
248
171
191
139
224
227
160
237
149
239
147
242
240
173
145
248
183
201
145
132
225
175
190
166
177
141
247
151
223
143
158
199
164
207
219
232
142
133
194
241
253
217
221
237
170
223
130
167
146
154
195
193
241
196
192
250
238
197
230
242
175
130
198
165
136
144
186
156
216
220
182
210
203
208
204
162
131
132
133
134
252
139
137
138
140
140
141
254
143
144
148
146
147
151
149
150
152
152
153
250
155
156
157
158
159
160
251
162
163
164
165
166
167
168
169
170
180
172
174
174
178
176
179
178
179
181
181
251
184
184
187
189
188
188
189
190
191
192
193
233
195
214
212
198
199
208
202
202
203
205
205
206
207
209
209
211
211
212
213
214
215
216
217
218
233
221
222
222
235
224
225
226
236
229
229
230
231
232
234
234
235
236
256
238
239
240
245
244
243
245
246
246
247
256
249
252
254
257
253
255
255
257
258
258
-1
