132
194
195
243
183
207
215
135
202
143
189
222
178
130
240
233
240
246
204
177
166
155
174
243
186
163
201
230
239
171
192
144
146
249
204
225
248
132
191
198
139
179
180
223
195
203
245
234
177
247
199
244
161
139
166
212
153
165
130
173
185
203
227
160
190
189
148
197
207
235
141
140
206
171
144
226
238
134
202
247
199
205
252
175
228
256
232
236
196
150
170
164
135
228
167
154
200
151
158
194
212
149
164
183
170
255
238
131
148
239
151
229
188
224
150
193
225
145
173
222
136
131
213
140
182
249
157
169
186
168
137
133
133
134
137
136
138
138
162
142
141
142
143
147
145
146
147
158
149
153
152
152
155
154
156
156
157
159
159
160
161
162
163
257
165
214
167
168
169
220
172
172
174
175
176
176
180
178
179
181
181
182
184
184
185
187
187
188
217
190
191
192
193
217
213
196
197
198
211
200
201
216
210
206
205
208
209
208
209
210
211
218
215
214
218
216
221
219
219
220
221
257
223
224
232
226
227
231
229
230
231
233
236
234
235
237
237
254
242
241
241
242
248
244
245
246
251
251
250
250
253
252
253
254
255
256
258
258
-1
