159
135
196
183
179
237
161
214
246
153
208
203
180
160
167
225
148
238
163
197
247
189
212
248
146
156
232
134
188
166
165
181
167
221
245
189
242
173
132
258
158
139
172
217
229
138
226
164
188
130
147
202
236
218
224
216
204
244
239
230
162
140
173
196
223
219
150
210
227
199
243
138
146
202
238
130
197
191
157
220
232
171
227
212
141
144
144
169
246
176
175
149
195
136
174
213
165
171
145
184
170
168
133
142
230
203
224
174
207
218
231
222
154
147
137
132
152
148
239
131
161
201
139
242
198
207
183
200
236
240
131
252
133
134
135
136
137
257
141
140
142
143
143
251
145
194
154
151
149
150
151
152
153
155
155
156
157
158
159
160
192
162
163
164
187
166
182
168
169
170
181
172
177
177
175
176
178
178
179
180
186
182
185
184
185
186
187
192
190
190
191
193
193
194
195
252
208
198
199
200
201
205
206
204
205
206
210
209
209
211
211
215
213
214
215
216
217
254
219
220
221
222
223
234
225
226
228
228
229
234
231
233
233
235
235
250
237
254
241
240
241
250
243
244
245
247
249
248
249
255
251
253
253
255
256
256
257
258
-1
