153
189
223
248
161
166
250
196
137
193
189
164
239
203
147
138
248
163
132
155
211
244
164
130
247
215
140
204
218
224
155
205
221
212
252
210
138
130
191
234
156
195
180
135
159
244
227
205
192
133
198
255
161
167
213
202
239
142
152
175
220
204
247
137
172
233
192
225
185
246
152
141
245
181
228
169
133
131
219
210
134
216
200
156
203
211
226
229
177
209
177
231
176
214
170
231
151
230
148
182
162
167
197
208
134
202
179
158
224
242
180
208
199
160
227
145
209
168
176
151
221
219
191
185
144
147
148
200
193
175
131
132
145
136
135
136
143
139
139
140
141
142
143
144
146
146
149
149
150
150
186
154
153
154
174
157
157
158
159
160
173
162
163
165
165
166
168
169
170
171
171
172
173
174
186
181
178
178
179
183
183
182
184
184
187
187
188
188
190
190
258
255
194
194
195
196
197
198
199
201
201
257
253
206
207
206
207
242
238
240
217
212
213
214
215
216
217
218
237
220
222
222
223
229
225
226
235
228
234
230
232
232
233
235
236
236
237
238
241
240
241
243
243
253
245
246
249
249
251
250
251
252
254
254
256
256
257
258
-1
