174
171
203
149
198
169
167
175
200
164
216
235
236
197
160
199
158
159
213
162
202
177
216
223
130
139
240
159
143
149
224
173
176
137
191
146
156
241
241
226
205
185
254
140
130
206
154
150
230
196
163
189
214
218
234
180
132
197
179
230
139
151
215
185
245
131
184
231
140
248
172
196
211
184
142
133
178
239
136
170
143
210
225
249
166
201
136
192
204
174
195
218
165
142
199
223
162
166
210
175
183
154
215
176
228
181
214
144
244
169
242
132
203
247
212
134
171
179
228
239
201
213
232
236
151
152
137
204
238
247
131
134
133
135
135
257
138
138
146
141
141
148
144
145
145
147
147
148
156
150
152
153
153
155
155
157
157
158
160
161
161
256
163
164
165
167
168
168
255
170
190
172
173
190
193
188
177
178
182
180
181
182
183
187
186
186
187
188
189
191
192
194
193
194
195
255
245
198
238
200
208
202
206
205
207
207
208
209
209
252
211
212
219
222
217
219
217
221
220
220
221
222
227
224
225
226
227
229
229
233
231
232
233
234
235
237
237
240
243
242
244
249
243
250
246
246
248
251
253
250
251
252
253
254
258
256
257
258
-1
