134
208
193
174
211
138
176
157
242
172
228
190
173
144
170
157
165
214
136
223
241
135
147
238
130
171
217
182
232
226
216
196
152
183
195
167
208
167
160
161
197
146
224
132
228
219
227
222
191
201
244
242
162
204
253
209
243
181
177
144
204
184
171
160
138
232
215
245
131
244
179
241
218
218
223
207
142
154
213
198
234
182
180
230
137
143
203
257
211
207
177
169
154
237
152
229
178
226
174
222
205
158
240
162
139
227
165
225
168
178
163
203
148
214
132
149
130
192
163
149
190
151
238
200
134
147
191
235
247
240
131
133
133
141
135
136
137
139
140
140
141
142
143
145
145
146
156
148
150
150
151
153
153
155
155
156
159
158
159
257
161
199
164
164
166
166
184
168
169
170
186
172
173
175
175
176
181
179
183
180
185
187
189
186
185
187
188
188
189
199
192
193
194
194
195
196
197
198
202
200
201
202
256
205
206
206
254
209
210
210
212
212
213
220
215
216
217
219
221
220
221
252
250
224
225
249
234
230
229
231
231
233
233
235
236
236
237
239
239
251
249
246
243
246
245
247
248
248
250
253
251
252
254
255
255
256
258
258
-1
