149
250
236
144
131
197
240
165
228
249
145
140
224
237
241
158
208
191
227
143
195
220
137
171
134
176
217
214
171
212
201
186
166
225
151
169
240
154
224
216
192
222
209
169
130
187
210
161
228
208
142
199
172
168
242
239
152
157
235
133
188
136
140
159
226
202
226
246
141
146
250
213
170
173
189
233
193
206
160
203
219
242
231
237
195
235
243
241
216
179
184
130
131
222
163
142
164
191
189
155
156
232
211
138
153
229
205
151
184
139
201
196
160
244
145
146
177
204
190
157
188
165
218
232
187
254
200
133
164
176
132
132
135
134
135
136
137
138
139
182
141
148
143
144
147
147
148
150
149
150
177
152
153
154
155
156
183
158
159
162
161
162
163
179
167
166
167
168
175
170
174
172
173
174
175
180
178
178
181
180
181
182
183
185
185
186
252
256
253
190
194
192
193
194
198
196
197
198
199
200
204
202
203
205
207
206
207
214
209
210
211
212
213
215
215
221
217
218
219
220
221
223
223
255
225
254
227
230
229
230
231
234
233
234
253
236
238
238
239
246
248
243
244
245
245
247
247
248
249
251
251
252
258
255
257
256
257
258
-1
