139
218
189
154
185
211
236
235
202
141
250
188
182
132
232
209
148
183
153
151
239
220
134
234
157
240
137
138
149
247
248
142
190
144
219
178
190
164
225
166
196
141
186
160
238
199
135
168
161
195
221
174
146
204
216
155
192
139
185
157
221
131
202
203
249
227
150
168
242
213
234
156
136
133
246
236
149
177
209
184
140
212
165
133
201
216
136
251
199
214
222
191
212
182
145
164
200
226
254
160
217
205
179
224
151
148
163
171
130
145
197
207
246
198
210
223
170
152
219
195
225
196
159
191
155
187
146
240
130
223
131
132
254
134
135
257
137
138
178
140
142
143
143
144
177
147
147
169
166
150
170
152
153
154
167
156
158
158
159
162
161
162
163
173
165
169
167
172
172
173
171
174
176
175
175
176
181
180
179
180
181
256
183
184
255
186
187
188
189
193
194
192
193
194
250
244
197
198
206
200
201
204
203
206
205
208
207
208
245
210
211
214
213
215
215
228
217
218
232
220
230
222
227
224
229
226
230
228
229
231
231
233
233
243
235
237
237
238
239
241
241
242
243
244
245
253
247
248
249
251
252
252
253
255
256
257
258
258
-1
