188
190
167
223
218
144
199
151
209
200
247
187
167
226
249
183
253
147
148
193
182
143
169
192
235
163
156
203
237
248
249
157
212
130
158
234
178
182
145
155
170
137
243
188
246
214
179
138
190
150
168
231
246
160
135
218
171
210
257
140
217
206
199
208
164
233
162
205
160
131
204
145
224
223
196
132
155
133
220
136
140
238
222
179
151
197
185
141
178
244
147
184
202
230
171
156
161
220
141
153
198
194
221
181
233
207
194
130
236
212
192
195
201
229
216
134
206
248
180
183
193
176
138
219
195
165
176
217
143
202
131
132
133
134
135
136
137
139
139
174
142
142
154
144
146
146
149
148
149
150
152
152
153
154
174
159
157
158
159
162
161
164
163
166
165
166
170
168
169
172
173
172
173
175
175
177
177
254
256
180
181
252
185
184
186
186
187
189
189
191
191
253
243
242
239
196
197
198
239
200
201
213
203
204
205
211
207
208
209
210
211
213
214
215
215
216
232
228
219
225
221
222
225
224
226
227
227
228
229
230
231
232
240
234
235
236
237
238
241
240
241
242
244
245
245
252
247
250
251
250
251
255
255
254
258
256
257
258
-1
