139
196
199
138
130
197
160
245
234
154
246
243
184
246
201
226
216
194
245
156
162
170
235
157
134
225
193
207
182
160
189
172
215
216
176
166
149
223
228
149
148
198
159
169
243
143
184
142
178
148
242
205
239
205
187
237
138
154
174
188
231
179
236
200
185
181
211
196
231
218
152
200
135
158
171
134
139
166
185
193
131
157
198
228
199
225
235
222
203
188
190
163
170
224
247
152
220
144
187
179
133
173
155
174
210
229
242
232
210
172
204
130
137
175
212
238
180
145
151
233
240
238
248
143
251
131
133
256
230
192
132
132
142
136
135
136
137
141
140
140
141
146
145
144
146
147
147
168
150
150
151
153
153
163
155
156
164
158
159
161
161
162
165
164
165
167
167
168
169
253
171
254
173
177
175
176
177
178
180
181
182
183
183
214
186
186
220
190
189
191
191
192
194
195
195
215
197
207
208
202
201
202
203
204
206
206
208
209
209
211
212
213
213
214
218
217
217
219
219
221
221
222
223
224
227
226
227
255
229
230
254
232
233
234
253
236
237
239
241
240
241
251
244
244
250
248
247
249
249
250
252
252
255
256
257
258
257
258
-1
