167
138
201
133
141
236
195
245
203
218
216
227
163
225
223
210
232
159
134
148
171
194
133
197
215
230
136
147
165
207
230
196
217
190
216
193
205
139
198
150
155
137
187
149
189
210
184
225
232
223
153
155
227
130
169
174
183
181
224
130
161
200
146
237
143
199
162
199
195
156
146
151
170
239
180
156
177
211
172
141
245
179
240
161
242
169
151
134
193
228
131
186
185
215
164
201
157
132
218
220
135
176
220
182
165
172
137
190
219
166
139
242
205
231
180
233
235
243
144
158
152
164
142
243
170
157
238
206
214
168
131
132
249
255
135
136
250
138
140
140
145
142
143
144
145
254
147
148
149
150
153
152
154
154
252
248
158
159
160
160
248
162
163
252
191
166
167
168
176
173
171
173
174
175
175
178
177
178
179
188
181
182
183
184
185
186
187
188
189
191
192
192
213
194
208
196
197
198
200
202
202
203
204
204
209
206
207
208
209
211
212
212
213
214
251
247
217
221
219
222
221
222
250
224
226
226
228
229
229
240
231
233
234
234
235
236
237
238
239
241
241
253
244
244
246
246
247
251
249
256
253
254
256
255
257
258
257
258
-1
