189
219
226
210
198
188
174
161
236
131
151
218
243
249
130
252
245
182
209
130
171
244
180
185
213
235
140
133
160
200
207
167
229
157
242
134
256
228
195
161
189
172
202
183
216
209
153
147
249
136
224
179
164
200
138
145
132
159
250
171
155
238
206
153
195
181
220
223
137
240
162
203
225
136
199
144
163
164
239
192
231
227
131
183
221
181
241
179
254
152
155
170
221
135
226
175
199
176
240
134
142
211
132
190
157
215
207
165
145
236
148
193
141
233
216
196
197
211
178
177
235
173
212
191
196
152
169
194
242
218
150
149
133
143
135
138
137
139
139
140
141
142
143
144
146
146
147
148
149
150
151
253
154
154
156
156
158
158
159
160
168
162
163
166
165
166
167
168
169
170
251
172
173
174
175
176
177
178
187
180
185
182
184
184
186
186
187
188
252
190
191
192
193
194
258
201
197
198
201
205
203
202
204
204
205
206
208
208
233
210
213
212
214
214
215
217
217
232
219
220
222
222
223
224
225
227
230
228
229
230
231
232
234
234
247
237
237
238
239
246
241
246
243
244
245
248
247
248
254
250
251
255
253
256
255
257
257
258
-1
