213
154
241
147
212
215
250
234
166
149
175
176
155
239
136
146
217
153
132
205
196
242
140
159
218
215
243
225
182
224
130
148
202
145
134
242
130
164
179
151
208
156
214
174
197
209
146
133
144
218
172
238
176
226
233
184
167
133
240
159
160
180
208
157
164
256
222
187
237
171
150
139
235
181
185
190
177
212
252
193
221
225
165
192
197
190
211
247
138
250
245
219
183
195
143
201
151
229
138
175
210
217
194
236
227
168
179
160
233
223
131
154
171
231
149
202
148
181
243
188
191
157
246
198
186
221
235
140
134
247
131
132
136
135
135
137
137
142
139
141
141
142
143
144
145
252
147
204
168
150
152
152
153
161
155
156
158
158
161
162
162
163
163
170
165
166
167
169
169
170
173
172
173
174
198
177
178
178
199
180
189
182
183
184
185
186
187
188
189
206
191
192
193
194
195
196
200
199
205
200
201
203
203
204
206
207
207
255
209
210
211
251
213
214
216
216
228
219
220
220
230
222
223
224
229
226
227
228
230
232
231
232
255
234
253
236
237
238
239
240
241
249
244
244
245
246
248
248
249
251
254
253
254
256
257
257
258
258
-1
