236
132
209
206
212
163
184
243
143
138
221
156
192
150
224
195
191
186
245
247
244
188
147
246
239
145
181
232
166
197
158
211
203
245
228
161
159
166
216
150
227
222
183
176
202
134
216
208
215
131
154
173
210
192
182
248
205
212
221
201
227
250
147
237
131
213
190
183
229
185
188
220
237
239
238
149
241
181
142
230
187
155
157
194
142
133
135
130
139
144
177
241
229
155
165
219
179
164
211
220
197
141
254
218
219
152
169
170
202
187
148
164
198
154
136
250
199
214
149
198
242
222
175
174
137
233
157
130
175
171
138
132
133
134
135
136
137
139
140
140
141
143
145
144
146
146
176
148
153
151
151
152
153
168
161
156
160
158
159
160
162
162
163
170
165
167
167
168
169
172
171
172
173
174
177
179
178
178
180
180
249
182
249
184
185
186
195
189
189
190
191
193
193
194
196
196
203
200
199
200
201
204
204
205
207
206
207
208
209
210
254
252
213
214
215
217
217
218
231
224
226
223
223
225
225
226
234
228
230
233
231
232
235
234
235
236
251
238
240
240
251
242
243
244
252
246
247
248
253
255
258
256
253
256
255
257
257
258
-1
