235
135
183
155
139
234
189
172
211
157
173
222
241
240
159
130
131
235
211
171
204
137
215
155
212
189
219
159
163
201
229
179
227
143
134
145
190
132
210
229
179
136
152
216
248
210
206
239
148
224
167
161
162
133
202
238
233
185
135
215
142
205
187
196
245
164
191
165
213
224
242
197
158
240
183
223
195
160
163
202
130
207
197
243
138
182
239
254
201
134
220
162
145
203
190
219
146
204
156
151
138
194
143
174
198
136
180
193
140
161
220
149
199
230
141
147
181
217
186
247
184
237
213
247
248
193
253
230
231
176
131
132
133
173
170
149
137
147
139
140
141
142
144
144
152
146
153
148
150
150
151
153
154
154
169
156
157
158
172
160
175
164
168
165
166
166
167
168
169
170
171
176
174
175
177
178
177
178
255
180
181
182
185
184
186
187
188
188
258
192
191
192
252
194
195
196
200
198
199
200
254
207
203
208
205
206
208
209
209
252
226
212
214
214
217
216
218
218
227
221
221
222
223
225
225
226
228
228
250
232
231
232
233
234
236
236
237
238
244
243
241
242
244
246
245
246
250
249
249
251
251
256
253
255
256
257
257
258
-1
