219
199
132
142
182
207
252
198
160
163
254
240
247
212
233
237
212
190
215
216
233
243
152
231
165
239
205
138
241
146
236
192
130
157
162
218
133
155
137
220
195
132
145
180
140
159
211
216
203
227
157
239
203
176
148
181
178
187
215
231
235
226
151
131
213
162
214
188
221
210
238
184
204
166
250
185
143
144
241
236
146
163
240
148
190
177
226
154
134
213
234
171
142
248
176
139
174
130
189
187
230
139
166
208
218
136
167
189
152
165
246
183
246
199
182
174
206
244
206
177
136
183
238
193
153
155
196
147
161
175
131
134
133
135
135
256
137
138
141
140
141
173
143
144
145
147
150
149
149
150
151
172
153
154
156
156
158
158
159
160
161
170
164
164
167
168
168
169
169
170
171
172
173
251
175
196
179
178
179
180
181
197
185
184
186
186
198
188
191
192
191
194
193
194
195
200
197
201
202
200
201
202
227
204
205
209
207
208
209
210
211
225
224
214
220
217
217
223
219
221
222
222
223
224
225
228
229
228
229
230
232
232
255
234
235
251
237
253
252
244
242
242
243
245
245
247
248
249
249
250
257
254
253
258
255
256
257
258
-1
