179
220
206
189
233
240
202
191
165
193
146
171
151
215
205
177
235
172
249
178
163
138
222
248
227
197
223
212
143
231
219
246
170
168
148
217
173
237
223
214
242
236
177
229
139
186
166
194
146
136
203
226
149
246
162
130
180
134
186
201
198
131
147
229
183
172
196
133
187
152
181
234
160
220
173
164
227
195
208
153
241
139
205
236
150
191
189
235
145
178
192
187
159
206
232
169
228
203
243
180
161
154
250
184
188
140
202
137
152
167
247
134
160
216
210
225
232
213
216
147
142
212
169
138
130
137
131
149
154
219
132
132
133
135
135
136
253
144
140
141
141
142
143
144
145
249
153
148
151
150
156
157
156
155
155
157
158
158
159
250
161
162
163
164
165
166
167
168
175
170
171
174
175
174
176
176
257
185
179
182
181
182
183
184
185
256
193
188
190
190
197
192
194
195
196
199
198
199
200
200
201
211
204
204
209
207
207
208
209
210
211
252
213
214
215
217
218
218
257
221
221
222
224
224
225
226
245
228
230
230
231
243
233
234
238
238
237
239
239
240
241
242
244
244
245
253
247
248
252
251
251
254
254
255
255
256
258
258
-1
