182
143
130
212
197
233
182
135
142
212
189
168
130
176
198
205
139
222
145
193
150
189
155
183
248
169
239
158
237
207
226
140
186
221
160
217
218
208
200
199
170
247
246
236
177
191
238
193
217
248
134
139
186
244
177
215
228
158
235
250
178
235
131
204
231
154
152
223
211
188
198
219
133
138
170
151
180
162
249
176
174
133
223
195
202
188
227
218
216
134
131
247
234
145
156
204
192
175
236
229
252
149
148
206
171
209
214
245
162
201
165
231
221
211
178
224
156
136
143
159
154
213
157
144
168
132
251
183
226
185
159
132
152
137
135
136
137
138
140
141
141
142
147
144
146
146
147
148
149
150
151
153
153
165
155
160
157
161
163
161
164
163
164
167
166
166
167
172
169
171
173
172
173
174
175
256
179
179
181
180
181
257
184
184
185
187
187
194
190
190
191
192
194
195
196
196
197
203
199
200
201
202
203
210
205
206
207
208
209
210
258
255
213
214
215
216
238
219
220
220
240
222
225
224
225
230
227
228
229
230
232
232
233
234
240
241
237
239
241
242
242
243
243
244
245
246
250
251
249
252
253
253
254
254
255
256
257
258
-1
