151
134
200
154
186
141
216
208
212
162
140
207
190
211
215
130
215
206
169
156
165
131
203
183
243
226
249
248
145
184
167
179
233
230
245
135
207
160
190
159
149
185
210
165
161
138
177
161
237
142
164
137
210
194
133
222
217
223
249
140
158
245
218
243
144
199
222
153
184
228
168
135
141
193
218
231
234
205
225
226
142
176
235
158
150
164
200
147
166
171
157
198
173
246
214
253
204
133
234
183
171
139
202
187
149
130
187
236
219
169
229
131
233
146
237
170
204
225
191
248
208
211
231
173
186
192
244
157
250
179
132
132
255
134
136
136
137
138
139
155
146
143
143
144
145
147
148
148
151
150
152
152
153
154
155
156
256
180
159
160
163
162
163
182
178
166
167
168
170
172
172
174
174
175
175
176
177
178
181
180
181
182
195
195
185
188
188
189
189
197
191
192
193
194
196
196
197
198
199
201
201
202
203
255
205
206
256
209
209
236
213
212
213
214
220
216
217
221
219
220
221
223
224
224
238
227
227
228
229
230
232
232
239
238
235
240
241
239
240
241
242
242
253
244
247
246
247
251
252
250
251
252
254
254
257
257
258
258
-1
