199
205
136
206
232
156
143
249
238
139
130
131
161
205
243
224
204
180
181
250
181
208
164
234
240
178
251
209
236
186
182
167
134
252
240
218
227
174
161
230
249
190
187
132
148
184
194
138
169
206
221
141
183
155
229
246
222
175
234
133
162
226
166
207
247
155
239
204
173
250
163
157
185
176
198
223
184
165
225
230
136
231
152
190
185
256
158
130
228
217
235
179
241
174
182
220
146
131
135
199
149
222
186
147
146
140
226
149
175
145
133
209
188
151
157
168
200
217
177
211
178
166
171
196
142
246
237
219
210
193
152
132
137
134
135
137
138
139
141
140
144
142
143
144
145
153
147
148
150
150
151
154
153
154
159
156
160
158
159
160
169
162
163
164
165
171
167
168
170
170
172
172
173
258
211
176
177
202
179
180
201
192
183
193
194
189
187
188
189
191
191
192
195
196
195
197
197
198
202
200
201
203
203
215
210
212
207
208
215
213
213
212
214
214
216
216
256
218
219
220
221
251
223
224
225
242
227
228
229
233
231
232
233
243
235
236
237
238
239
241
242
244
244
245
245
248
247
248
253
253
252
255
254
254
255
257
257
258
-1
