156
188
213
139
160
177
245
157
162
191
149
155
182
150
155
148
147
171
188
153
197
148
242
157
187
136
167
182
162
202
190
214
146
131
159
232
135
187
240
136
153
173
161
143
132
156
138
216
140
158
180
197
174
204
209
151
208
169
168
131
133
172
211
183
183
184
171
161
213
130
142
200
141
154
192
181
130
176
145
250
165
145
149
210
227
215
198
135
181
172
179
134
185
159
218
176
132
175
221
239
214
134
199
173
133
158
175
217
240
150
208
222
137
211
142
239
137
235
170
174
147
224
141
138
146
192
185
165
195
144
144
234
180
140
257
139
160
154
190
143
218
168
196
219
152
166
212
164
151
152
163
220
167
237
178
186
169
164
194
199
163
209
189
193
166
229
191
170
210
196
248
203
193
177
178
215
246
179
189
186
184
226
223
200
194
207
223
206
202
205
204
206
201
195
201
198
205
228
224
236
207
216
203
225
231
220
247
212
234
256
222
228
227
238
230
225
217
219
233
241
221
232
226
229
241
238
230
231
254
244
233
243
235
236
248
237
243
242
244
245
247
246
250
253
251
253
251
249
249
252
257
252
255
254
255
256
258
258
-1
