181
144
140
206
188
177
145
186
175
178
192
147
192
207
191
214
185
155
196
191
130
132
165
145
182
133
173
173
137
160
227
139
236
193
134
153
235
236
169
167
161
130
146
244
156
170
135
197
180
212
152
142
139
198
148
240
136
137
174
187
141
133
230
135
169
155
147
154
149
163
167
158
221
210
158
164
209
190
132
183
156
140
159
225
144
228
151
142
176
166
141
171
154
148
238
217
146
226
163
153
150
204
136
131
166
195
151
211
240
168
159
174
150
195
182
143
138
204
171
232
168
157
216
203
138
205
178
131
176
189
157
161
134
208
199
172
201
193
143
220
239
172
179
162
189
177
162
152
149
215
164
199
221
210
194
165
170
187
160
224
229
181
188
200
222
179
213
186
175
202
247
184
213
201
234
208
184
180
185
225
183
203
196
219
214
224
190
217
198
194
209
197
242
205
237
227
206
234
202
200
233
223
229
207
216
218
247
241
233
211
212
220
215
218
241
222
249
219
231
226
231
237
223
245
248
228
235
251
244
230
258
232
252
242
253
246
238
239
243
243
245
252
255
256
246
248
250
249
250
251
254
256
253
254
255
257
257
258
-1
