202
143
130
180
132
144
174
157
155
141
150
224
153
137
141
151
196
188
146
241
181
143
164
178
145
168
156
203
157
160
147
206
152
186
167
146
159
165
136
147
188
211
208
154
166
152
218
204
165
176
131
148
161
133
134
239
135
209
171
164
131
192
229
142
175
139
178
149
145
190
137
140
229
230
198
156
163
168
161
134
183
160
151
175
158
190
204
142
236
167
222
205
221
140
159
199
133
181
138
162
158
163
191
179
195
138
172
150
169
184
176
221
213
135
132
162
192
154
212
166
130
153
215
182
136
195
249
177
177
193
198
139
169
191
173
144
189
214
217
148
187
184
209
193
194
155
172
235
149
174
234
183
245
214
243
215
199
207
170
185
173
200
223
187
220
179
189
196
180
170
171
186
210
225
200
182
222
194
185
213
227
218
232
210
203
206
201
231
202
254
219
201
197
211
235
231
197
207
256
224
205
208
237
242
230
242
216
216
223
212
219
217
249
234
232
220
227
226
225
247
243
226
233
228
233
236
228
246
238
246
240
255
239
248
238
237
247
240
241
244
244
251
252
245
254
248
251
250
258
250
253
252
253
255
257
256
257
258
-1
