172
133
248
131
213
173
165
146
135
134
193
153
134
135
204
164
132
207
155
140
205
168
210
169
180
152
158
144
137
154
153
190
213
173
181
205
182
148
145
163
202
220
166
230
190
162
186
151
170
189
222
131
214
217
149
206
144
137
192
139
218
177
176
195
142
240
157
231
206
138
216
199
187
203
163
211
209
204
192
175
145
146
176
130
183
143
150
197
182
196
193
136
165
195
141
203
196
191
157
167
143
138
174
133
185
148
161
132
160
235
230
136
142
245
220
130
160
141
171
156
178
226
159
179
187
156
168
151
178
161
147
139
179
140
188
155
225
164
149
162
147
175
166
152
150
191
172
167
198
181
158
154
219
186
159
229
184
214
235
170
209
169
174
246
197
183
233
216
171
207
231
221
198
202
177
200
201
199
180
184
188
185
211
201
243
232
224
234
189
194
208
223
194
210
208
223
212
200
252
244
228
225
215
242
224
219
228
215
251
221
212
237
244
217
218
227
232
229
238
240
242
222
234
233
226
227
243
239
245
236
241
236
237
248
253
238
239
252
250
241
258
247
251
246
254
250
247
249
249
256
254
255
253
255
257
256
257
258
-1
