152
139
131
207
189
173
184
150
202
224
176
152
184
231
196
154
159
175
133
134
157
180
146
193
145
164
209
201
150
204
139
155
237
186
204
171
151
182
169
185
223
137
197
191
187
172
202
132
157
155
141
219
147
212
167
130
229
134
133
239
141
137
149
220
172
240
153
161
199
175
163
234
173
158
227
177
215
147
171
144
131
216
160
200
198
203
169
179
159
143
168
136
135
182
164
165
226
174
206
193
151
149
146
200
148
135
190
156
256
140
144
168
132
156
198
138
143
148
161
190
207
162
142
142
191
210
145
233
136
130
163
165
140
138
211
166
188
199
160
158
194
154
181
167
170
170
214
192
181
189
153
176
183
166
174
230
235
195
211
212
241
162
213
188
183
185
192
206
231
178
177
238
178
218
180
179
242
194
205
217
186
195
216
187
208
196
218
243
214
215
226
205
238
197
201
217
245
240
228
209
203
223
228
213
230
235
208
210
220
227
232
221
219
222
233
224
252
221
247
222
225
255
229
251
225
232
248
239
250
236
245
244
234
246
236
242
237
244
241
250
249
253
243
251
246
247
258
248
249
254
257
252
253
254
255
256
257
258
-1
