216
195
217
146
134
130
222
210
209
149
191
133
177
213
192
140
178
171
184
148
246
170
206
212
184
136
137
159
183
138
154
185
151
132
170
231
151
245
153
178
229
164
134
149
196
157
160
175
175
215
144
211
232
156
194
137
167
155
133
187
144
164
152
209
142
136
180
186
238
201
210
187
143
171
142
145
148
161
140
169
155
172
200
160
199
182
143
236
179
132
158
224
130
169
173
181
157
192
177
141
182
156
168
131
214
141
146
174
165
185
135
152
138
135
204
131
180
186
153
139
162
197
166
176
230
203
166
145
165
147
172
147
257
203
205
197
162
150
139
154
220
174
173
150
235
196
163
158
163
161
159
167
202
219
193
216
215
179
207
168
227
189
242
183
190
213
198
176
189
190
219
191
201
193
208
181
224
228
208
199
188
233
194
188
211
223
233
198
200
250
206
214
195
236
204
207
237
229
232
202
231
220
218
205
235
217
221
244
240
218
212
240
222
221
228
226
223
248
226
225
225
227
237
230
248
242
243
251
254
243
239
234
239
234
247
244
245
238
246
241
241
247
252
256
252
249
253
250
249
255
251
254
253
256
255
258
257
258
-1
