156
130
164
194
174
163
182
134
162
152
210
189
131
164
147
232
141
173
159
196
233
130
187
156
161
142
212
186
138
157
143
165
165
206
166
183
217
132
155
173
186
141
197
195
204
194
180
145
216
137
228
166
160
136
209
206
198
174
162
134
167
200
188
198
148
146
236
172
244
218
135
135
216
176
144
142
227
208
150
155
179
215
219
151
169
191
132
213
131
178
159
147
140
160
149
154
209
133
144
170
133
149
208
145
183
203
137
175
220
136
185
170
238
153
171
139
143
175
167
138
220
250
189
193
188
205
177
169
241
192
181
139
196
153
140
168
168
148
179
191
197
154
146
151
158
204
150
177
180
176
163
152
184
181
157
161
242
158
225
190
237
171
193
228
184
178
241
172
187
223
200
211
251
221
202
190
201
203
224
192
182
207
227
185
217
199
219
201
222
205
195
202
234
210
231
234
215
199
230
213
211
214
224
237
238
252
207
223
230
212
214
247
242
226
235
233
218
221
231
222
248
236
225
243
226
229
250
248
229
232
240
257
235
244
245
240
239
239
252
243
249
246
245
249
246
247
253
253
254
255
251
254
256
257
255
256
258
258
-1
