214
167
156
165
150
180
187
154
139
159
190
168
132
236
135
150
170
204
215
162
217
177
175
158
138
199
148
172
183
228
164
140
151
178
186
141
143
203
216
200
239
204
212
242
199
161
146
139
160
154
165
151
193
216
167
132
168
158
163
166
130
161
210
211
145
171
218
191
144
164
169
145
185
177
141
138
134
131
189
149
230
142
134
245
148
146
140
235
190
149
131
230
166
160
155
135
206
233
162
170
147
202
133
184
136
153
175
142
213
235
245
220
179
136
133
147
189
137
188
176
185
152
203
130
155
222
152
231
182
143
156
178
137
174
217
182
144
208
173
172
191
159
223
209
153
180
184
176
171
196
157
194
200
194
202
157
181
174
195
163
195
181
207
192
179
192
169
208
173
197
215
210
206
251
198
183
201
188
196
186
226
201
205
193
209
187
232
211
197
251
212
207
244
247
238
205
198
225
213
219
241
227
221
227
219
223
243
220
229
218
231
240
224
214
239
222
224
250
221
226
228
238
236
225
232
247
246
237
229
234
233
234
248
242
249
237
240
243
241
250
246
249
244
256
255
254
248
252
254
253
252
253
255
256
258
257
257
258
-1
