148
202
161
146
222
134
182
138
213
181
189
147
162
212
241
201
208
218
133
213
194
145
174
180
150
159
204
158
177
155
183
139
172
173
225
141
215
174
145
153
180
157
149
136
187
152
220
152
199
168
175
228
158
131
163
156
169
183
131
144
142
194
192
217
223
209
137
130
138
212
151
238
214
142
134
239
224
211
149
167
164
195
238
160
170
159
157
169
179
196
135
179
133
137
184
184
171
156
163
221
188
172
195
139
140
230
176
130
151
136
165
178
141
206
162
140
143
154
135
178
207
148
241
153
132
236
188
144
132
190
147
171
168
154
143
146
201
200
197
186
160
224
166
155
234
219
177
204
161
150
170
208
165
203
196
181
191
207
173
167
164
166
189
176
186
206
185
175
190
197
185
198
203
205
187
193
193
205
202
242
182
209
226
217
191
254
243
192
214
216
234
220
210
244
199
232
198
200
231
215
218
232
210
219
251
245
226
225
211
231
230
221
216
223
222
247
228
250
246
236
227
229
227
233
229
240
235
233
242
240
243
235
244
237
239
237
256
252
248
245
249
247
253
250
248
246
251
253
249
255
257
252
254
255
257
256
258
258
-1
