213
221
143
163
180
169
245
159
247
218
172
131
179
221
154
179
142
196
157
150
143
176
139
156
195
152
175
145
185
164
161
182
147
146
181
202
154
137
225
214
133
200
188
174
162
191
161
157
166
182
208
152
155
174
203
238
135
215
142
222
156
167
146
147
173
181
150
136
187
134
178
140
155
201
151
140
158
141
206
222
164
168
131
165
133
183
148
191
171
173
172
250
141
138
223
145
144
149
153
216
159
232
168
134
213
132
192
153
139
195
151
197
199
237
193
144
130
138
130
135
132
193
178
136
160
137
167
165
189
170
169
176
225
196
186
205
217
210
207
160
183
158
148
184
170
162
189
149
243
200
187
235
207
215
171
166
184
190
163
180
208
246
227
204
188
204
175
220
192
186
220
177
177
190
205
202
185
236
244
199
194
201
230
194
236
206
209
198
203
240
198
211
232
197
212
218
229
212
214
241
245
219
209
226
226
223
231
231
210
237
211
240
242
228
228
216
217
229
219
233
224
238
234
224
248
227
254
251
243
230
239
234
233
249
235
241
244
253
239
242
247
256
248
253
252
246
252
249
255
250
251
254
257
255
256
258
257
258
-1
