209
203
158
154
186
184
185
147
153
151
225
219
223
151
135
162
144
156
134
153
141
168
183
175
161
208
216
204
156
222
172
182
149
174
177
189
136
160
154
143
181
131
158
195
177
179
145
150
131
133
238
147
223
218
179
159
167
150
207
183
210
149
137
135
176
192
152
216
178
165
195
190
234
142
134
133
238
139
167
132
148
130
160
157
221
189
139
142
136
187
138
146
140
146
188
137
202
227
157
168
166
250
198
224
140
132
171
201
236
219
240
169
173
143
141
155
145
164
130
170
144
161
212
169
191
199
181
172
205
220
182
206
171
138
175
208
190
163
148
165
205
202
152
196
162
197
198
235
163
166
193
210
176
155
159
185
164
213
248
174
214
191
217
204
215
173
178
197
209
170
184
203
180
233
199
218
186
180
187
211
234
231
226
206
192
194
217
188
193
225
194
201
200
212
196
207
239
213
200
229
239
227
232
245
211
256
222
214
228
228
215
257
242
220
231
233
243
221
230
246
235
224
226
229
241
241
251
230
253
236
247
232
240
246
237
247
237
245
243
254
242
244
249
244
253
248
250
249
251
252
252
258
254
255
255
256
257
258
-1
