210
162
228
208
154
143
148
159
158
232
193
192
209
231
178
145
133
135
192
152
222
233
134
235
168
132
160
163
211
150
137
183
199
180
185
182
142
219
143
176
140
190
157
155
200
138
131
181
183
137
172
222
180
213
197
164
149
175
190
182
209
179
130
238
131
172
134
157
168
174
219
188
155
205
226
194
165
164
145
151
206
147
220
162
165
201
158
151
199
169
177
178
201
138
136
193
187
163
136
161
140
223
169
184
132
135
152
208
171
130
213
195
177
195
187
223
144
191
146
153
142
170
148
147
133
153
179
221
196
150
171
170
248
139
139
167
141
186
146
159
141
230
166
144
156
185
203
149
167
216
184
154
156
188
160
173
207
161
198
210
225
225
166
194
173
176
175
235
211
197
181
243
212
174
229
215
204
240
241
189
242
203
233
186
191
214
214
189
217
205
206
202
218
200
196
198
202
207
231
215
212
226
224
204
217
221
237
236
216
232
227
230
240
234
247
251
239
218
220
227
224
249
229
239
250
228
244
245
242
234
237
241
236
252
238
244
256
243
247
248
246
249
245
254
246
251
250
253
252
254
256
257
253
255
255
257
258
258
-1
