144
181
151
214
139
140
154
190
229
158
179
166
226
164
210
141
150
133
205
185
209
152
133
183
137
135
136
156
232
151
138
145
203
147
150
172
141
197
131
213
142
148
206
189
185
152
146
130
158
233
190
214
134
168
135
153
251
216
155
182
171
224
161
159
235
171
174
165
132
161
144
136
154
182
188
139
220
179
192
186
162
172
169
142
156
147
188
184
163
184
173
160
157
175
140
146
225
177
176
189
134
168
167
195
162
130
163
138
165
187
212
143
181
170
180
248
143
199
157
155
200
192
131
132
183
210
198
137
148
194
145
153
176
166
191
175
197
167
149
202
199
159
149
226
222
224
160
186
174
170
193
178
237
234
193
222
164
207
169
205
196
208
245
173
228
178
191
223
202
219
230
177
180
207
219
201
198
231
213
227
232
187
194
220
195
230
201
234
196
206
244
204
200
208
255
221
221
216
211
204
203
209
217
218
217
241
212
215
237
236
211
252
215
218
240
255
229
235
231
223
227
239
225
244
228
249
242
233
243
241
246
238
236
247
240
246
238
250
239
242
250
245
243
251
256
247
249
248
252
253
254
254
253
257
256
257
258
258
-1
