180
152
162
183
230
130
145
163
150
223
190
160
163
191
245
177
152
154
155
189
151
133
222
134
231
228
220
144
147
170
172
146
194
242
238
164
167
198
153
142
157
135
204
204
132
157
165
179
174
190
200
194
177
133
150
148
136
176
168
149
188
171
213
168
172
221
182
131
171
137
166
192
202
221
218
136
158
140
166
240
154
138
159
212
149
178
135
238
131
161
132
185
143
153
138
181
141
193
197
134
137
186
216
210
169
130
230
169
187
209
155
140
145
167
173
139
161
182
148
191
203
199
156
143
146
162
199
184
179
141
205
178
206
151
139
159
186
175
164
202
144
142
147
234
207
208
185
207
210
158
201
206
195
156
187
170
226
193
160
175
233
165
217
196
174
180
173
225
195
200
229
192
176
183
232
215
188
219
181
205
213
184
248
220
189
218
217
196
214
198
208
235
203
201
215
197
224
236
223
250
209
211
225
211
212
248
222
235
241
243
244
214
228
229
231
216
226
219
257
240
232
242
224
227
233
227
237
249
251
241
243
236
234
237
244
239
253
239
247
254
251
247
246
254
245
246
250
252
249
253
252
258
255
255
256
256
257
258
-1
