216
155
225
169
171
194
210
162
144
230
134
144
212
207
174
167
153
157
156
181
168
167
196
130
199
164
203
249
201
215
179
160
145
164
161
131
134
163
166
140
139
152
229
195
136
187
237
159
226
154
142
141
141
170
197
131
157
218
194
169
162
177
145
231
197
191
182
148
158
190
139
229
132
238
138
217
175
155
133
143
178
179
138
172
182
149
193
186
172
163
193
176
173
168
150
183
192
191
214
146
149
151
204
236
222
206
136
158
151
133
147
130
202
159
190
147
137
174
150
146
184
137
132
221
135
156
140
148
152
173
165
166
135
178
161
143
184
142
198
187
175
192
224
196
188
176
202
189
170
154
200
181
153
235
165
206
232
227
205
160
199
171
211
226
180
208
237
186
177
233
185
220
210
203
180
195
183
212
188
216
201
185
200
213
217
189
220
219
223
222
252
198
225
208
251
205
204
207
238
240
213
211
246
209
209
254
214
228
219
241
218
223
215
231
234
224
236
221
247
239
241
248
227
232
235
228
230
247
243
234
233
240
243
242
245
239
250
254
250
244
244
242
253
258
245
246
249
248
252
251
255
253
256
255
257
256
257
258
-1
