142
216
185
136
196
138
173
223
147
130
137
170
155
206
168
143
132
165
153
149
203
163
138
142
182
151
212
160
164
131
135
188
209
140
133
205
150
172
144
136
178
186
174
130
188
159
151
158
146
166
181
166
155
232
210
161
176
171
140
158
141
148
146
159
132
239
236
150
180
164
195
197
144
193
152
167
145
148
220
196
141
152
198
233
219
149
160
177
207
161
202
162
163
182
177
183
173
218
135
199
179
137
133
139
154
171
225
170
227
156
169
178
232
201
147
131
224
203
234
145
168
192
191
211
194
134
139
143
193
197
162
169
134
229
184
209
228
231
165
241
183
208
200
157
176
153
175
199
207
154
190
179
157
186
198
156
233
217
185
222
217
181
180
167
175
214
210
221
174
226
172
189
195
221
215
223
192
184
201
189
204
194
190
235
213
187
187
238
191
214
208
202
219
211
200
245
218
213
206
212
205
204
216
225
249
215
226
222
258
229
237
244
234
224
230
220
230
235
227
243
242
252
228
240
244
242
239
253
246
231
248
241
255
238
236
237
243
250
240
246
247
245
247
251
248
249
251
250
252
255
256
253
254
254
257
256
257
258
-1
