186
174
215
164
138
168
205
230
188
212
183
162
199
149
140
131
211
165
204
153
192
186
172
146
225
145
134
195
137
160
176
137
210
131
159
198
164
169
132
135
150
160
142
143
135
232
133
161
222
176
136
153
181
166
162
180
133
138
189
221
159
154
217
175
175
191
221
141
163
151
197
145
236
166
156
165
220
208
167
179
139
140
201
130
130
142
178
143
193
184
170
132
170
139
205
171
173
152
154
192
201
147
177
194
190
157
144
163
158
245
156
136
167
178
169
209
151
177
144
146
184
148
199
225
188
182
246
134
147
215
149
182
141
206
233
152
197
181
158
155
171
185
183
148
157
206
150
195
168
207
187
200
155
219
211
220
190
173
161
185
196
202
198
212
203
194
213
172
193
189
209
226
196
174
208
180
179
187
229
236
214
200
223
210
227
191
226
202
249
203
204
234
207
230
237
214
252
223
219
216
224
237
216
239
248
240
217
218
213
228
235
238
224
222
218
229
231
228
232
241
247
243
241
251
231
238
227
250
235
243
233
242
234
248
240
257
246
245
239
244
242
249
252
244
255
253
247
250
255
253
251
254
254
256
256
257
258
258
-1
