184
172
174
164
160
229
169
130
142
201
186
213
197
133
147
150
161
237
158
160
165
190
146
168
228
207
167
178
143
171
152
153
151
133
147
182
166
170
184
146
191
253
154
187
226
155
141
131
140
156
154
165
200
170
150
220
138
148
139
144
159
135
179
152
148
155
130
239
132
131
216
217
205
241
199
134
248
181
206
137
177
203
209
188
196
144
134
156
145
193
149
135
140
183
198
157
180
132
192
173
186
219
187
190
168
177
164
196
209
166
136
173
138
162
141
202
153
175
194
192
185
136
217
145
163
151
139
200
159
222
189
233
206
210
137
143
176
142
174
163
175
204
178
171
181
149
158
199
226
183
157
225
180
162
219
235
224
169
195
188
161
220
228
176
167
182
179
208
193
221
172
189
203
225
214
197
236
185
198
208
191
231
211
227
232
205
195
201
242
194
213
216
230
210
204
207
202
248
229
224
240
214
246
235
215
211
247
242
212
234
227
212
223
218
215
223
218
221
236
222
249
243
230
241
233
237
231
232
244
238
238
245
234
244
250
240
246
251
239
243
247
245
250
253
249
254
252
251
255
252
258
254
256
256
255
257
257
258
-1
