144
143
179
150
169
151
141
237
142
144
151
138
196
164
184
145
184
181
136
152
204
214
193
200
139
145
130
214
178
166
135
230
203
200
175
169
172
192
194
180
213
176
173
163
168
164
197
183
189
158
202
161
219
203
134
141
132
152
147
138
196
158
135
150
148
131
132
188
202
185
210
147
193
212
192
163
199
157
186
182
165
232
162
162
154
166
223
130
156
139
131
223
220
195
143
137
161
142
171
153
134
178
149
140
133
209
140
225
237
159
155
136
167
227
170
148
137
155
216
183
222
133
206
230
228
199
146
185
216
167
146
154
236
149
232
207
174
179
198
172
165
168
188
174
189
160
180
153
170
201
191
210
159
156
206
157
171
175
212
160
217
182
204
176
224
173
191
177
201
197
235
177
181
186
218
205
238
187
220
187
190
190
228
231
207
215
222
194
246
198
221
195
226
211
215
254
242
208
251
208
221
209
205
235
233
238
211
219
226
229
213
218
229
217
242
248
224
241
234
225
240
234
243
236
252
231
227
239
239
250
245
244
233
245
241
244
249
248
240
243
249
247
246
256
253
252
247
250
251
254
258
256
253
255
255
257
257
258
-1
