198
134
141
130
196
159
135
134
144
159
169
206
145
133
149
138
163
242
168
190
167
151
156
170
202
158
220
202
194
165
139
140
150
137
169
175
230
216
223
161
173
195
165
195
142
145
203
135
162
205
228
210
166
176
151
217
144
147
132
154
164
146
161
183
131
147
176
233
171
224
181
138
133
136
140
143
174
172
184
157
235
208
212
187
197
164
153
131
229
228
188
136
160
199
242
150
130
192
142
205
155
168
215
201
189
186
137
152
148
193
180
167
187
177
172
171
225
193
146
154
204
158
152
139
252
132
148
141
156
163
160
186
178
239
174
236
166
143
226
149
196
192
157
162
153
184
182
155
240
200
188
179
170
218
257
214
198
173
216
180
222
221
179
209
185
194
175
207
185
190
240
206
178
204
191
177
182
191
221
181
253
183
213
215
200
235
189
197
199
210
230
234
225
209
227
217
211
203
208
220
201
212
211
222
219
207
251
232
213
238
219
223
214
243
218
237
231
243
238
224
246
233
226
227
251
231
239
244
229
232
253
234
237
249
236
245
244
245
241
241
247
250
246
248
247
252
249
248
257
250
254
255
256
254
255
256
258
258
-1
