141
199
235
132
200
183
147
165
153
178
226
138
215
176
211
217
139
183
143
139
137
208
197
161
182
179
230
221
193
214
219
136
135
133
218
172
158
156
131
176
178
233
184
180
163
189
209
195
148
169
167
132
190
210
177
197
146
133
164
130
192
171
163
146
192
212
161
151
136
181
159
138
202
175
244
153
243
162
145
157
238
144
189
135
130
134
201
141
140
155
149
174
203
207
134
142
142
131
137
185
152
149
186
152
173
170
222
177
194
160
181
148
196
154
188
234
191
205
150
166
201
144
170
168
168
216
140
156
166
159
147
231
171
173
194
250
160
145
143
187
179
158
150
198
164
205
172
155
151
237
219
162
154
204
157
169
165
184
188
224
232
209
206
180
174
182
167
186
203
237
185
196
175
187
245
195
236
190
193
204
211
225
220
230
200
227
191
220
251
213
227
221
223
206
199
198
212
215
207
229
226
202
247
232
217
225
233
208
218
210
214
213
223
240
216
239
222
238
224
244
228
248
229
234
231
228
240
241
258
235
236
247
253
242
256
239
241
255
250
243
248
242
246
251
245
246
249
253
249
252
252
254
254
256
255
257
257
258
-1
