160
139
161
227
185
208
174
138
187
178
153
208
133
193
233
163
169
159
221
175
152
210
136
162
170
213
142
160
145
176
181
137
133
132
143
237
132
243
144
211
149
188
184
149
136
206
147
176
215
144
173
226
240
134
150
140
203
134
197
130
180
210
179
204
143
165
168
146
155
234
147
157
130
228
155
141
191
172
150
142
135
156
181
141
135
212
158
232
139
146
178
205
216
138
202
161
172
154
163
182
167
207
151
184
205
153
157
148
238
199
131
212
242
137
234
206
198
159
191
192
213
239
177
174
190
164
145
156
131
183
152
151
229
229
140
167
211
154
165
148
194
251
217
188
168
224
166
195
171
201
170
192
248
158
169
198
196
189
182
164
162
209
173
171
196
166
236
186
175
186
189
220
177
199
179
223
214
187
200
180
183
195
185
190
202
219
197
194
193
233
221
225
215
230
224
204
200
201
207
240
203
209
222
231
249
214
219
223
218
220
218
222
227
255
241
216
217
239
232
253
246
231
225
236
245
226
230
228
235
241
238
235
237
248
253
244
251
256
246
244
250
242
243
247
245
252
247
249
252
250
254
254
255
258
257
256
257
258
-1
