190
189
172
163
207
145
143
216
211
144
152
205
170
232
236
184
132
198
148
222
150
195
179
203
141
205
220
181
165
193
155
130
146
175
177
207
161
137
132
195
151
142
158
188
243
131
187
185
244
158
150
137
171
170
155
184
172
232
138
227
167
223
194
165
139
133
153
133
197
204
218
134
141
161
168
149
135
154
163
169
192
167
229
153
136
233
166
160
178
145
173
174
148
180
209
144
156
186
164
164
131
140
191
138
178
130
142
154
212
156
186
134
147
135
193
151
157
149
176
200
183
160
174
189
191
227
157
136
168
143
229
140
201
202
204
162
139
197
190
185
152
169
199
146
234
226
147
166
183
177
182
162
188
182
159
219
210
159
171
230
211
219
175
258
237
176
196
198
173
230
181
213
179
206
180
231
206
213
214
194
208
228
202
187
192
215
231
208
228
238
199
200
239
201
217
196
214
218
215
216
203
239
212
245
209
221
238
210
222
246
240
221
217
220
224
225
226
224
249
223
234
235
225
237
242
248
244
243
242
256
235
236
233
248
249
241
240
241
247
256
253
247
245
251
246
250
251
252
252
250
255
253
254
254
255
257
257
258
-1
