161
135
199
139
157
164
182
151
178
236
240
160
176
230
168
238
153
133
156
162
132
146
180
162
137
174
137
141
163
157
144
138
201
163
165
175
225
224
194
143
239
252
140
198
142
218
199
152
206
139
130
184
154
159
185
176
191
179
210
131
143
204
159
132
208
233
173
155
187
196
169
251
155
218
131
232
210
201
146
149
166
175
171
138
147
231
182
166
183
215
195
242
134
148
230
167
154
135
246
134
207
142
160
245
150
245
209
203
202
228
168
189
158
144
136
172
170
130
158
145
133
193
149
213
136
185
192
152
150
198
151
140
141
174
214
171
147
164
225
190
145
209
148
200
197
153
167
169
192
156
173
172
212
190
205
215
165
170
161
194
203
181
180
179
202
186
239
188
193
184
177
181
177
217
183
211
188
178
212
216
189
186
191
227
211
187
224
233
207
221
196
195
197
214
200
208
206
216
220
232
204
226
219
240
205
217
219
221
213
222
220
236
228
223
227
254
235
222
223
234
244
252
235
231
229
226
229
237
234
246
242
237
243
249
241
244
241
238
248
254
247
243
247
249
248
250
253
251
250
255
256
258
253
257
255
256
257
258
-1
