176
141
132
192
137
161
196
202
187
214
241
139
183
144
159
147
152
135
134
176
166
212
244
182
170
208
216
216
182
173
162
140
220
185
158
190
196
140
185
151
135
141
152
190
191
169
163
194
145
163
153
201
180
178
225
225
222
136
132
171
150
131
179
181
130
143
145
250
139
257
164
174
153
180
184
134
172
174
181
133
209
195
150
168
146
144
157
159
148
155
154
137
168
248
154
175
149
138
142
165
179
177
197
131
158
156
218
193
203
167
133
148
219
157
160
160
231
207
142
136
245
178
245
156
130
205
146
170
149
224
205
167
164
143
177
138
147
191
172
175
155
188
184
162
234
187
161
223
151
228
169
209
173
213
236
186
230
217
165
195
211
166
189
210
234
186
201
199
226
248
171
183
200
197
189
211
192
198
202
208
242
194
193
199
200
188
229
198
238
215
213
204
240
224
219
217
214
210
230
203
206
206
220
204
244
233
207
215
222
212
221
240
227
242
226
218
237
235
221
223
228
227
229
231
241
232
232
237
243
251
233
236
252
238
235
250
246
239
239
255
247
246
243
249
247
253
251
249
255
254
252
254
253
256
257
256
258
258
-1
