158
217
202
186
210
166
146
135
138
145
218
245
136
165
144
170
206
197
188
179
202
141
241
152
175
228
201
131
184
177
153
211
233
168
157
220
153
238
148
160
166
213
145
169
134
194
193
132
135
245
155
176
181
169
185
131
147
191
176
151
151
248
189
143
208
154
162
156
242
137
133
203
200
159
179
158
156
140
143
163
210
219
142
198
172
138
155
216
165
130
196
207
154
195
180
168
147
132
142
162
150
170
141
167
140
163
161
146
209
130
247
149
171
144
229
134
137
139
160
192
171
178
182
174
164
174
139
180
136
188
133
218
224
194
189
164
148
175
150
221
149
216
197
187
219
181
187
212
152
182
167
203
184
159
192
157
178
212
173
230
161
177
190
205
172
173
247
193
198
185
191
226
223
206
223
207
226
183
213
225
190
196
183
201
199
186
215
208
195
222
199
217
224
204
235
200
205
227
244
211
215
204
220
244
209
255
229
230
246
234
214
235
214
237
222
227
236
221
232
246
228
225
238
231
240
236
234
233
232
237
231
243
239
248
241
240
239
253
251
250
243
242
252
254
249
250
256
249
251
252
254
257
253
256
255
258
257
258
-1
