139
191
144
193
130
184
137
130
139
220
152
225
159
135
182
173
188
154
150
159
214
140
163
133
164
249
200
177
165
131
145
131
179
183
238
227
145
133
189
178
162
147
149
163
156
202
181
153
134
175
166
167
234
161
221
147
202
141
142
198
174
132
245
180
149
136
199
169
190
143
183
217
236
200
191
158
141
157
171
185
215
231
197
204
140
142
210
179
228
138
132
185
144
195
223
156
135
232
148
168
153
150
175
195
182
167
134
224
146
201
136
170
230
155
180
171
181
137
154
176
162
223
138
160
168
143
210
146
172
152
193
166
158
173
164
151
170
213
172
161
155
229
237
225
208
196
148
178
151
174
157
160
222
233
204
192
165
176
216
205
212
169
212
207
184
188
186
219
177
207
203
187
194
206
186
211
201
196
192
198
243
238
209
187
189
197
194
242
190
236
226
235
209
205
199
227
206
234
224
218
214
203
208
219
217
229
211
220
221
215
218
213
240
233
222
216
246
247
228
237
226
231
235
239
242
251
256
240
241
230
232
246
244
248
241
247
239
249
245
243
244
253
255
251
250
252
248
254
252
250
256
253
254
258
255
257
257
258
-1
