135
165
148
147
195
191
221
176
215
169
144
157
154
147
187
198
186
209
130
199
141
190
137
143
156
142
185
168
155
139
152
194
229
132
167
135
162
198
149
200
178
163
213
146
141
160
164
165
201
159
174
189
146
150
157
145
220
228
203
131
133
169
150
219
138
149
207
214
200
172
188
145
136
164
134
142
162
241
197
186
177
180
220
155
159
201
132
192
181
173
171
140
134
209
136
158
181
151
154
148
130
210
174
179
216
178
179
177
160
190
196
199
133
152
217
170
140
131
137
161
171
144
234
206
153
163
151
187
196
173
143
197
138
230
167
170
139
182
208
166
204
223
153
193
216
217
222
189
222
180
172
156
203
224
183
161
158
232
176
204
175
168
184
185
238
166
218
221
206
226
184
195
175
202
205
182
202
191
224
236
192
215
183
243
207
212
193
188
233
211
194
235
213
210
227
208
240
218
205
211
223
248
246
250
226
255
219
225
245
225
228
212
214
238
230
244
232
227
242
231
251
235
246
229
249
250
253
233
231
237
247
239
237
234
239
236
245
244
241
240
242
243
248
252
254
256
247
249
255
251
254
252
253
257
258
256
257
258
-1
