138
213
170
153
228
149
144
135
135
235
242
138
173
184
210
197
145
223
133
164
171
149
171
168
152
174
177
131
243
212
141
140
137
166
207
224
142
133
233
176
136
211
158
137
168
159
211
130
254
165
140
194
203
203
182
225
214
208
180
143
136
150
187
165
193
172
144
134
139
172
148
161
132
159
160
216
156
215
139
200
131
210
143
196
180
190
147
141
193
178
209
195
155
187
189
153
241
177
157
181
233
160
152
202
163
150
154
134
147
223
130
186
155
162
199
166
178
157
158
161
184
198
170
186
179
163
191
227
148
154
244
132
146
195
175
183
146
204
188
179
169
142
151
145
167
208
215
185
185
219
151
156
239
191
217
222
167
169
189
174
162
175
183
164
205
228
207
192
222
201
212
197
173
206
176
206
181
182
236
198
229
200
188
221
220
199
190
213
225
202
192
194
226
205
196
224
243
209
237
218
201
217
230
204
227
229
231
214
220
216
241
236
245
218
219
230
238
242
250
221
237
238
226
231
232
239
234
252
240
232
234
235
240
251
253
256
247
248
247
246
244
246
248
245
251
249
249
256
250
253
254
252
258
255
255
257
257
258
-1
