136
130
144
196
147
158
142
218
139
198
160
150
156
135
199
197
165
156
242
151
137
141
181
136
132
161
170
174
206
215
191
219
162
172
167
208
179
216
180
135
171
167
176
140
175
201
180
131
186
145
214
209
137
141
134
151
175
133
154
132
232
233
181
173
130
188
243
182
171
142
155
202
148
230
227
158
164
170
183
148
225
150
179
165
254
145
143
157
157
159
131
205
190
187
193
154
246
168
163
153
200
161
204
174
160
138
195
166
162
155
195
168
200
149
198
139
178
133
169
178
159
185
177
249
143
153
187
224
177
149
146
152
134
147
173
138
144
163
206
140
152
192
176
211
204
146
201
186
222
193
189
172
203
185
184
192
215
223
166
164
207
236
196
221
205
241
169
222
216
238
253
207
183
227
184
228
182
226
244
194
217
213
197
203
190
210
188
189
217
191
199
194
225
208
209
213
228
237
212
202
244
211
229
226
221
218
231
210
214
220
229
212
223
238
220
237
231
232
219
233
235
234
240
224
236
241
248
230
247
252
242
235
240
234
246
239
254
245
239
249
252
243
248
245
247
250
251
250
251
258
255
253
255
256
257
256
257
258
-1
