198
180
196
139
200
133
169
151
141
148
143
228
149
197
190
213
183
158
152
132
167
184
136
130
137
197
204
150
174
142
231
177
236
159
176
134
233
135
186
181
160
131
154
145
146
179
151
245
195
175
181
184
199
172
152
163
191
217
159
239
179
132
138
168
142
153
178
157
203
189
170
154
169
139
140
144
156
147
233
248
185
150
230
189
209
145
134
143
206
156
217
191
164
164
136
174
223
205
175
225
158
153
214
140
204
212
137
130
205
163
135
208
166
234
202
160
177
173
168
171
141
176
161
146
131
201
165
138
133
149
180
220
186
162
238
207
165
155
229
155
144
148
193
187
182
147
242
202
167
188
162
210
194
232
161
196
157
221
166
171
226
193
173
213
170
232
194
195
187
198
178
172
192
185
228
182
188
216
243
206
183
209
200
208
237
190
223
235
192
215
203
222
253
201
219
255
199
211
221
212
215
230
207
210
211
216
254
239
218
218
214
222
219
226
238
246
240
224
240
220
224
225
236
229
244
227
227
237
231
251
235
243
252
234
246
241
250
241
249
242
248
244
249
245
251
247
247
254
250
252
253
256
257
255
256
258
257
258
-1
