157
204
151
173
154
172
144
199
133
180
226
168
210
175
191
132
170
209
183
174
191
176
143
136
165
143
139
198
193
205
139
223
146
169
187
134
133
138
216
151
159
163
236
132
177
197
147
137
161
159
130
230
177
138
215
228
142
162
168
142
189
145
165
196
200
167
185
135
202
171
173
140
152
198
157
131
137
179
186
192
131
188
145
206
188
182
158
156
150
163
182
144
166
197
178
217
153
167
220
164
149
192
148
134
136
158
147
153
160
140
247
141
202
183
149
174
150
130
162
141
178
166
206
232
170
135
251
253
152
189
164
161
185
234
176
213
195
230
180
231
154
169
148
146
196
175
156
193
155
237
155
204
195
160
184
186
229
212
200
233
210
171
203
218
214
218
184
172
249
207
227
181
215
208
225
216
179
194
187
181
194
221
222
209
225
232
222
240
190
190
207
224
223
201
199
212
213
249
201
208
203
205
211
247
227
219
219
211
217
244
248
226
214
231
229
224
237
220
250
221
235
236
239
241
256
228
238
234
235
241
242
233
240
239
246
238
245
243
242
245
248
244
243
246
252
255
255
251
250
252
254
253
258
254
256
257
257
258
-1
