171
139
158
147
146
215
140
207
154
135
139
141
178
152
207
168
183
145
184
148
155
202
153
146
226
151
167
209
166
163
191
197
190
165
165
149
206
156
173
182
144
185
221
206
199
137
227
163
160
187
189
171
175
234
138
194
155
186
203
133
210
131
204
145
245
148
216
164
176
161
189
158
136
143
172
193
135
159
230
188
192
200
134
214
162
192
178
138
137
256
211
142
157
130
154
159
184
132
142
161
205
166
209
199
133
144
149
191
143
190
188
201
131
172
179
136
186
164
181
134
173
152
193
187
174
212
132
130
150
147
150
151
140
250
180
141
160
203
198
180
237
169
241
169
168
153
162
181
195
177
167
157
156
220
205
176
185
170
204
175
245
223
179
208
170
200
215
231
201
174
229
227
217
196
251
232
177
198
257
182
202
216
183
194
195
230
210
220
225
196
197
211
213
208
236
229
244
217
223
213
239
228
241
221
238
231
218
214
234
218
219
212
224
219
224
226
222
222
240
247
235
225
228
232
238
233
236
233
246
254
235
240
242
252
237
246
239
247
252
242
248
243
243
244
249
249
248
250
253
251
256
254
253
255
255
257
258
258
-1
