164
157
208
165
194
183
200
130
141
186
160
150
166
217
132
195
181
207
130
185
143
133
206
166
209
135
203
146
163
211
223
176
182
153
197
153
147
136
148
205
157
171
170
220
214
187
172
188
187
151
210
159
227
204
179
215
255
205
207
216
156
199
191
134
144
132
137
149
144
178
158
152
169
164
198
160
239
158
168
134
152
173
139
216
161
232
155
189
138
185
233
136
138
142
143
222
192
202
239
213
191
212
146
133
140
148
145
236
150
147
142
145
180
162
228
170
131
137
131
196
139
231
175
179
169
140
243
167
168
149
190
154
135
141
161
177
174
171
159
184
177
172
163
180
190
213
224
151
156
154
167
155
196
173
181
237
162
219
225
227
186
175
189
165
182
188
176
241
197
193
174
208
195
240
178
218
198
201
184
219
192
203
183
240
229
252
204
221
193
199
218
202
201
194
206
223
210
200
245
232
212
247
235
233
238
211
226
226
209
214
220
217
215
235
221
225
228
229
230
222
248
224
254
230
237
241
234
238
231
234
250
253
251
242
243
236
246
242
245
248
244
247
244
246
252
249
249
250
254
258
251
256
253
256
255
257
257
258
-1
