184
150
157
177
145
144
139
171
214
166
187
157
148
173
180
189
221
175
131
188
139
152
167
141
191
133
158
136
210
170
163
213
222
131
151
197
148
159
153
158
208
199
150
132
166
255
178
182
216
201
189
187
147
195
185
223
133
135
142
210
151
138
171
161
240
191
153
164
159
142
132
181
192
218
130
164
163
208
205
193
144
172
154
161
213
220
143
167
202
170
137
165
130
162
154
141
168
202
224
140
145
146
176
149
137
196
174
155
135
136
219
200
178
174
192
156
224
212
196
179
217
140
146
175
195
204
143
222
138
188
197
134
233
134
182
172
155
177
229
180
168
201
226
193
156
149
147
160
186
152
190
200
162
219
169
165
216
169
160
221
211
212
184
207
185
179
183
198
173
215
241
199
225
176
254
209
190
206
181
230
194
183
225
186
205
238
218
203
198
244
223
234
194
217
247
211
230
204
203
209
233
215
206
207
237
228
214
241
236
245
226
239
235
243
239
220
227
232
228
234
231
227
237
250
251
252
231
246
229
244
232
250
235
243
236
238
242
240
248
249
242
249
245
246
248
247
256
253
251
252
254
255
253
258
256
257
257
258
-1
