183
133
190
144
155
150
172
207
213
183
215
155
253
134
234
141
139
149
158
160
171
168
161
150
148
170
188
187
186
193
136
157
156
167
134
204
205
169
210
131
157
247
184
138
201
152
206
133
135
164
200
135
184
166
152
233
194
239
181
136
241
143
189
141
158
180
250
208
153
130
169
146
144
151
176
160
190
195
148
179
198
193
132
139
189
216
161
210
173
180
153
217
131
214
165
145
147
194
175
154
218
130
191
154
214
205
162
215
231
142
168
188
140
140
200
137
248
151
185
143
149
178
174
171
132
147
159
138
146
230
142
176
224
221
209
145
137
165
178
159
229
213
202
248
181
163
167
251
173
182
207
197
182
172
233
156
163
175
162
170
203
177
166
164
177
209
174
185
186
234
211
191
179
196
225
201
187
204
198
192
195
196
192
224
237
227
221
197
212
199
246
199
202
223
206
240
212
225
218
222
219
203
241
228
219
220
217
208
230
216
211
235
226
237
253
222
220
235
236
223
227
226
229
232
228
252
242
232
244
231
249
236
242
240
238
238
239
247
245
243
257
243
244
245
251
246
252
249
254
250
254
256
257
255
255
256
258
258
-1
