143
130
172
220
139
177
167
199
144
174
138
175
201
170
219
182
208
198
216
139
165
165
174
173
240
164
183
144
136
192
242
131
197
168
153
211
142
178
200
132
147
141
185
209
236
215
162
135
201
137
153
175
173
202
158
189
190
182
136
146
203
166
208
132
166
145
155
157
151
210
200
194
206
140
131
134
198
133
149
215
161
140
137
133
171
130
148
134
163
224
238
195
168
154
151
205
141
172
143
138
142
160
177
152
196
222
149
188
241
212
164
252
159
179
216
195
183
178
146
170
135
207
176
193
230
189
185
155
158
150
227
145
184
223
157
156
221
148
159
214
193
150
152
162
167
147
163
169
249
228
161
187
156
154
169
218
160
184
247
171
194
191
192
179
232
181
180
197
196
181
217
213
191
180
176
244
250
186
203
186
228
218
213
229
187
202
188
190
226
225
207
220
209
222
227
204
199
206
234
212
214
240
205
204
238
231
235
210
248
211
239
230
221
235
225
219
217
231
223
229
232
224
226
234
236
239
250
245
244
233
237
237
233
243
254
243
241
251
247
246
242
252
251
256
245
246
249
248
253
253
256
254
255
257
255
257
258
258
-1
