172
153
163
183
137
151
148
136
184
144
161
131
203
176
142
194
154
187
192
191
157
215
145
170
202
178
217
150
164
147
167
149
205
211
130
146
212
201
160
133
164
132
174
183
160
196
177
173
141
137
173
143
156
225
158
222
141
204
193
193
186
177
243
205
169
171
143
198
140
150
133
132
134
146
217
207
155
157
207
213
166
165
190
154
159
139
138
178
254
179
162
130
237
188
227
138
131
135
189
144
158
224
136
223
163
149
135
195
180
152
147
179
229
151
171
199
167
194
142
168
139
221
209
182
155
165
213
140
148
145
134
162
180
156
214
220
152
197
245
159
181
219
238
153
234
251
256
190
175
166
170
201
228
195
182
210
169
230
197
188
161
216
184
239
168
189
186
185
172
176
175
187
216
174
181
200
206
185
219
236
191
228
200
196
237
238
192
211
222
240
203
253
208
227
220
198
199
248
202
206
209
226
210
204
246
223
232
208
212
215
229
218
244
214
231
230
218
236
231
241
221
224
225
253
226
252
235
245
235
232
233
233
234
240
241
242
239
244
248
249
242
247
243
247
246
250
251
249
256
250
252
257
255
254
255
257
258
258
-1
