140
226
170
136
146
207
167
178
130
174
167
168
182
142
131
131
134
193
140
197
187
169
206
164
160
151
130
188
149
139
177
138
156
165
147
184
137
213
135
157
148
144
143
156
161
203
233
202
166
169
148
185
196
201
146
145
154
141
149
186
135
133
244
136
241
201
195
134
176
229
207
157
139
175
163
154
181
230
215
153
150
153
216
181
163
165
155
161
133
192
164
152
145
183
177
178
132
168
209
173
240
179
203
158
132
216
137
172
162
150
186
226
175
208
170
176
142
184
141
180
151
138
155
173
174
189
147
223
246
159
211
160
158
171
180
182
225
171
206
143
219
159
162
144
220
237
232
195
227
204
199
152
193
236
179
228
185
166
172
200
243
194
188
187
204
189
224
251
198
256
199
232
194
205
198
191
224
191
210
215
183
196
218
213
192
190
190
233
245
197
221
200
223
225
250
211
214
210
202
209
219
244
212
205
217
214
208
218
239
212
231
217
221
245
220
249
234
238
230
222
222
234
235
227
228
242
246
229
239
231
248
255
236
235
240
242
237
238
241
254
250
243
253
249
248
247
247
253
252
255
251
252
254
256
257
257
258
258
-1
