157
192
228
152
176
137
136
163
132
154
164
131
151
175
179
140
182
132
189
200
202
165
135
194
227
205
201
208
250
146
160
144
151
241
241
161
136
193
130
169
175
170
167
137
179
159
147
134
233
162
155
142
166
203
208
148
198
191
171
186
257
130
168
180
145
187
144
178
172
139
153
207
167
159
141
187
138
206
164
150
233
206
190
191
205
135
156
150
173
149
198
177
143
166
158
186
140
210
218
131
171
215
209
185
213
224
211
218
156
248
153
139
152
133
158
162
160
188
180
174
229
155
173
146
134
172
143
149
133
185
170
177
188
237
181
138
196
141
219
252
145
142
169
157
148
147
203
154
196
163
245
184
176
178
161
168
237
174
183
165
182
227
214
207
230
211
232
230
213
193
189
220
194
183
181
220
192
200
226
238
228
219
214
184
190
197
201
199
195
242
240
197
202
195
223
204
245
199
204
221
212
209
217
255
216
222
217
249
225
210
212
215
225
216
222
221
223
234
226
235
239
246
232
224
231
236
229
253
234
231
242
244
240
252
235
236
239
238
243
246
244
249
243
247
248
254
247
256
250
251
251
257
253
254
255
256
258
258
-1
