150
140
156
195
150
173
139
157
131
181
147
218
185
191
215
219
163
133
143
174
131
172
205
185
173
194
166
160
199
202
193
179
143
136
144
153
193
134
170
168
183
146
156
135
178
180
219
177
136
153
155
169
222
192
130
255
230
149
186
223
155
176
190
178
186
208
238
207
212
163
168
182
162
210
224
167
240
158
200
203
202
174
134
141
245
161
180
154
182
200
139
188
148
145
171
206
133
137
201
147
135
142
226
164
160
138
170
138
130
233
144
152
206
137
227
145
179
199
172
132
141
140
166
209
132
228
162
198
154
151
142
165
148
181
165
190
244
188
230
151
146
161
157
204
149
175
152
218
234
220
158
189
159
194
177
159
191
244
248
213
192
167
164
171
169
175
184
203
197
208
176
198
184
216
204
187
207
220
195
187
183
197
201
196
189
213
211
235
216
231
196
211
214
215
214
225
240
217
246
210
243
205
228
247
255
237
209
239
212
241
224
229
229
217
242
221
250
223
222
236
221
237
225
226
234
241
227
232
233
231
232
243
235
238
239
236
254
246
242
249
249
245
248
252
252
247
251
253
250
253
251
256
256
254
257
257
258
258
-1
