146
138
210
132
226
139
183
145
204
167
175
177
134
156
206
149
158
136
153
194
143
172
147
211
177
155
157
171
142
189
139
219
231
134
232
214
197
160
151
155
238
164
138
209
184
150
163
200
167
176
202
135
209
173
152
224
144
186
252
137
189
174
221
181
148
174
168
131
185
171
146
184
162
142
164
150
223
145
159
191
144
172
140
165
179
161
143
215
228
140
237
157
241
214
130
243
162
168
201
166
169
154
196
187
133
169
130
217
194
166
132
165
141
191
203
159
133
215
218
147
254
255
136
243
190
153
135
199
131
141
149
193
178
212
207
137
151
152
180
179
154
192
176
175
163
161
187
148
182
208
192
190
188
156
158
198
170
240
197
160
228
173
178
198
183
180
188
211
170
235
181
199
216
196
201
195
186
185
233
205
182
227
208
195
206
218
219
223
226
239
205
193
204
220
221
231
200
202
222
213
207
203
242
225
216
244
210
222
213
212
220
230
242
241
217
224
244
227
234
225
229
237
234
229
233
247
251
232
230
245
236
235
236
254
247
238
239
240
248
250
246
249
246
248
245
252
257
250
249
251
253
253
255
256
258
256
257
258
-1
