200
195
174
175
148
146
138
174
176
226
190
218
132
154
216
140
137
145
130
179
161
135
136
157
147
164
160
167
144
222
231
138
171
217
130
156
141
192
244
177
211
170
215
191
202
131
230
158
190
166
147
153
173
181
210
242
134
173
159
170
162
181
154
179
189
166
192
149
131
186
162
143
143
133
239
187
151
140
153
178
171
177
152
144
149
196
133
139
169
139
188
151
163
141
155
196
176
172
146
142
199
185
152
150
212
249
215
236
208
156
209
183
135
187
210
180
148
206
158
136
201
142
150
134
195
145
191
184
163
137
216
132
207
197
168
232
182
157
159
236
165
204
208
198
219
164
165
155
231
183
169
161
168
203
188
186
201
193
167
160
198
189
245
175
182
202
207
220
206
194
172
184
232
180
200
222
209
178
217
185
224
214
197
205
246
214
223
243
193
226
243
194
234
204
212
199
251
213
219
203
205
224
220
247
227
225
218
211
234
213
225
233
221
244
223
221
229
227
248
228
240
241
228
229
253
233
239
237
235
230
240
238
241
235
242
237
255
238
249
257
247
246
245
248
251
252
254
256
250
250
257
252
253
254
255
256
258
258
-1
