180
175
150
132
153
132
151
189
207
188
136
144
131
137
131
225
203
204
177
134
174
194
133
130
193
172
160
247
169
169
238
211
138
193
185
160
181
176
134
179
206
215
142
203
198
140
168
167
145
149
186
184
174
161
171
173
210
186
210
135
146
214
182
162
130
185
157
138
159
154
152
147
139
136
165
211
139
137
181
192
142
192
208
151
191
171
164
209
165
209
155
238
183
133
167
135
157
216
175
158
141
164
152
156
188
213
148
213
143
159
187
230
221
231
141
149
143
182
145
205
146
150
194
155
153
148
200
227
170
163
163
140
147
144
187
156
184
189
197
219
178
223
172
166
195
222
228
196
162
196
168
154
219
170
198
199
161
158
195
183
239
236
176
180
173
166
190
248
191
177
179
200
229
202
220
237
178
232
212
207
228
197
208
246
190
217
202
215
221
204
245
201
212
224
205
216
199
214
201
234
226
236
247
240
206
245
226
230
235
218
233
225
218
220
232
229
217
222
235
223
240
224
241
237
257
227
249
234
244
231
243
252
233
253
242
252
242
239
253
243
241
246
244
250
248
256
249
250
255
251
251
254
254
255
258
256
257
258
-1
