161
185
148
175
168
131
188
150
210
232
185
171
201
229
151
193
135
156
166
186
197
212
139
229
214
138
189
227
219
132
149
189
187
136
144
176
178
195
192
139
182
153
135
172
186
142
226
132
205
134
158
144
164
203
173
146
147
169
240
133
148
198
201
169
133
171
152
142
150
157
216
190
155
202
166
209
131
163
140
198
160
138
177
183
147
170
141
161
159
196
140
218
230
137
167
149
152
192
194
143
209
136
220
206
162
134
187
176
180
188
155
195
146
179
168
196
178
224
184
165
130
160
164
190
130
174
159
154
143
163
153
181
241
141
145
137
162
167
170
145
156
181
204
157
199
179
221
154
151
203
158
165
191
238
207
210
225
208
172
213
233
199
177
207
246
223
230
204
191
183
217
173
174
175
184
194
197
200
182
180
225
227
220
205
202
193
215
215
248
211
213
237
217
211
208
222
221
223
235
200
222
236
218
206
246
212
216
219
251
234
245
243
239
214
247
226
224
231
240
250
232
231
256
249
235
228
238
228
237
233
242
239
243
234
236
248
245
244
241
252
244
242
251
247
255
257
249
253
250
252
254
254
253
255
256
257
258
258
-1
