134
147
131
152
171
181
199
187
147
210
131
176
150
133
158
247
135
166
206
155
163
137
150
202
137
225
237
179
177
211
135
193
173
204
175
175
149
162
136
149
138
141
141
216
146
209
139
214
144
140
172
188
165
226
208
157
221
186
153
168
142
154
188
229
203
133
171
178
190
154
170
230
151
178
183
172
156
145
166
132
161
164
198
130
195
251
219
148
182
185
136
216
197
207
159
156
249
191
220
145
143
158
138
169
155
187
132
160
200
215
194
240
134
148
192
159
199
180
176
189
167
162
194
209
140
185
130
143
144
167
139
153
200
189
161
146
165
164
208
239
142
157
227
229
192
206
218
152
151
196
179
190
184
234
174
177
184
244
180
160
210
163
168
204
236
223
169
170
232
222
182
174
173
212
183
246
193
212
234
181
238
201
202
214
186
197
191
207
198
195
241
250
217
196
205
222
201
203
225
213
231
237
205
211
230
224
224
217
226
215
213
218
239
220
219
223
233
233
221
231
227
228
240
236
228
238
232
243
235
242
242
241
235
253
245
252
243
246
255
244
248
245
248
247
250
249
256
251
256
252
255
254
253
254
258
257
257
258
-1
