134
155
158
148
192
174
131
208
135
244
133
187
216
130
204
132
210
175
154
208
167
148
167
161
214
198
135
164
177
169
154
165
170
170
145
181
143
183
162
151
159
196
178
150
204
139
209
171
139
152
166
138
214
223
163
144
157
212
152
142
156
133
202
201
177
141
144
160
130
171
149
140
136
178
186
151
229
197
189
227
143
200
241
205
179
156
140
185
217
147
218
134
153
142
202
160
187
221
175
131
137
132
159
190
195
166
225
251
184
161
181
194
197
201
182
150
155
168
137
146
157
193
200
141
138
243
206
149
215
237
163
164
169
239
146
136
188
183
180
194
195
153
198
145
184
158
147
172
168
162
186
229
173
219
173
217
172
188
176
228
222
165
203
256
179
182
191
199
203
238
174
176
213
205
196
180
218
185
209
193
189
190
211
234
215
191
207
224
210
226
192
211
207
234
228
199
241
245
232
240
222
206
223
245
221
212
213
232
225
226
216
237
220
219
231
220
239
251
235
227
230
224
250
249
230
236
231
242
238
233
247
235
233
236
246
247
240
250
252
253
242
243
246
244
255
257
248
248
249
252
253
255
254
254
258
256
257
258
-1
