146
212
172
199
166
178
145
160
242
189
131
192
147
194
153
188
176
185
148
134
226
141
227
130
186
201
170
173
162
187
169
182
157
151
156
188
197
143
147
184
148
201
200
238
184
177
169
170
138
131
135
212
137
161
154
163
163
142
150
144
161
158
192
215
138
189
214
134
202
155
228
137
183
183
157
130
139
220
149
172
245
133
223
198
171
181
136
139
151
140
153
152
145
144
166
162
149
140
199
216
221
160
159
205
165
142
164
155
178
191
167
171
181
154
141
132
156
180
233
206
209
179
136
196
191
133
132
187
176
150
198
159
146
175
135
158
143
179
213
173
174
255
195
244
168
217
253
197
152
174
216
164
203
207
225
240
180
202
167
213
168
185
193
165
190
235
204
244
200
186
175
250
209
211
196
177
222
182
211
247
195
218
203
193
206
190
222
214
208
207
208
228
194
223
221
230
210
220
219
231
224
205
229
204
246
235
239
225
219
210
248
234
215
230
217
218
238
237
234
246
227
224
226
241
229
237
242
233
231
241
232
232
236
239
236
245
249
253
240
258
248
243
243
251
249
247
254
251
252
250
252
255
254
256
256
257
257
258
-1
