145
223
182
171
163
193
143
173
154
133
210
130
206
182
138
142
178
159
153
220
149
217
191
155
185
165
147
183
215
146
192
139
161
170
134
205
221
157
156
176
205
238
136
181
232
187
145
135
231
168
160
174
236
152
141
150
135
143
172
148
153
219
154
169
149
218
138
175
180
132
131
150
185
151
200
159
189
161
166
164
224
158
151
140
175
203
204
162
178
165
132
136
164
152
216
177
155
180
174
199
142
167
167
184
203
134
137
199
190
171
133
177
130
141
214
240
200
225
157
237
137
186
239
193
204
144
131
188
139
194
148
156
189
140
172
146
176
144
224
181
190
208
158
243
201
147
215
173
201
226
179
179
160
170
162
188
168
166
208
198
163
225
169
187
214
221
207
186
195
202
196
191
184
192
183
209
207
222
211
197
202
251
212
226
244
197
195
222
209
194
213
198
235
196
238
218
241
220
213
217
212
216
228
206
223
211
210
232
231
250
234
253
236
230
234
250
249
219
233
237
229
229
230
256
228
227
227
235
247
245
233
246
242
239
246
251
241
243
240
245
242
247
244
252
254
248
248
253
249
256
254
252
255
255
257
258
257
258
-1
