149
179
137
144
170
177
176
206
148
163
197
247
138
181
231
152
208
182
135
160
196
140
202
174
231
142
170
197
202
134
134
235
251
167
214
212
164
183
219
150
165
146
133
150
169
143
141
186
199
130
158
156
154
154
224
225
188
157
145
167
132
135
226
193
139
161
159
161
131
211
158
212
146
155
159
201
156
157
173
229
172
203
192
137
147
141
155
180
131
136
173
181
216
162
143
194
214
153
205
184
177
185
151
166
130
163
144
184
138
149
174
175
153
191
216
151
145
133
168
136
162
175
207
132
219
142
204
139
189
187
233
148
140
169
186
229
179
221
168
176
188
228
147
195
160
152
166
196
165
183
171
178
198
191
171
246
206
249
194
164
217
237
172
185
240
222
213
193
182
178
180
225
221
192
187
207
201
215
200
195
223
189
230
210
190
190
209
198
232
215
203
200
204
218
236
205
226
218
199
209
223
235
213
210
239
208
211
224
217
242
220
222
234
237
220
255
233
238
227
236
234
232
228
230
227
246
250
239
244
242
238
243
241
252
244
240
241
249
245
248
255
243
248
245
247
253
251
250
253
252
254
254
258
256
257
256
257
258
-1
