137
202
149
143
195
139
172
150
161
200
155
162
171
183
166
131
194
135
158
204
132
151
135
217
131
167
169
147
160
254
162
191
142
182
149
158
204
182
148
160
231
143
145
159
137
133
145
231
217
147
192
184
133
165
138
179
130
130
189
144
215
177
211
154
219
209
184
152
140
223
168
175
178
132
144
193
173
206
176
176
227
171
212
167
164
193
191
221
134
239
199
170
207
185
169
136
155
146
242
181
154
163
163
187
152
153
188
248
198
159
141
174
219
177
186
151
141
142
156
134
153
173
168
175
138
186
181
140
139
165
209
146
170
157
136
180
197
183
197
192
157
245
190
150
215
148
202
174
234
228
187
194
156
166
189
196
164
161
257
226
180
210
244
224
178
234
172
188
207
195
205
212
211
190
196
238
232
201
179
221
213
201
199
220
185
203
200
227
220
237
206
218
214
223
208
229
203
198
210
233
205
225
235
213
216
252
253
208
218
216
224
214
222
225
230
241
222
228
242
230
229
252
226
236
236
235
244
241
237
240
233
232
246
248
238
239
243
245
240
250
253
249
243
247
247
246
249
250
251
255
251
254
255
257
256
256
258
258
-1
