174
200
187
228
138
177
148
130
223
210
210
171
148
155
233
155
195
176
137
133
163
154
150
242
216
188
159
159
146
142
132
151
157
181
182
131
144
172
189
192
161
140
141
207
134
162
183
149
132
170
178
227
187
145
196
156
141
191
153
147
134
136
232
208
213
238
175
174
198
235
133
130
163
135
190
188
206
182
200
165
138
135
180
239
144
145
217
227
146
173
183
167
175
161
179
214
193
147
204
142
207
198
166
241
166
167
131
215
160
197
153
139
195
180
150
172
220
193
209
152
140
205
219
136
156
177
178
151
226
143
137
164
139
176
245
181
143
169
154
217
241
165
158
204
221
157
149
152
173
192
158
194
162
203
186
164
168
199
169
160
248
222
240
170
201
179
168
185
211
206
171
191
185
216
196
194
219
199
184
213
186
184
212
202
189
197
228
232
190
203
223
211
201
239
224
218
215
234
252
202
220
205
212
235
231
208
230
209
229
243
222
252
218
214
225
242
246
231
224
221
233
237
226
229
225
250
244
230
237
248
240
234
236
245
236
251
238
247
243
253
244
247
246
255
249
251
250
253
249
254
256
256
255
254
257
258
257
258
-1
