210
167
148
214
224
231
179
130
134
137
130
132
145
173
131
168
144
141
132
152
137
136
162
133
139
169
212
155
150
244
146
199
144
149
191
143
140
177
225
142
140
155
158
254
156
185
145
170
218
161
153
205
183
243
204
162
165
152
196
146
163
151
157
195
186
150
209
131
163
187
142
148
170
135
168
214
166
160
159
197
184
133
209
134
219
156
147
141
192
206
175
176
136
164
154
198
180
222
149
151
138
199
179
188
238
230
153
172
213
196
171
211
139
188
213
147
203
165
198
143
157
189
174
210
241
224
138
235
237
207
202
192
182
135
211
158
164
178
166
223
190
221
161
184
180
159
175
193
195
208
191
203
160
154
173
167
240
183
178
186
176
190
189
177
169
185
226
171
181
172
201
205
181
174
182
197
232
228
233
201
187
228
202
215
217
236
194
194
200
193
217
247
219
215
204
220
200
206
242
239
218
222
235
250
212
216
207
208
221
216
223
225
249
238
227
240
229
232
239
220
229
249
236
226
234
230
227
234
256
231
237
243
233
242
251
241
251
248
246
247
245
244
252
246
245
248
253
250
257
255
253
252
254
255
256
258
257
258
-1
