146
183
228
212
218
207
131
235
153
130
179
219
162
208
136
220
146
151
132
184
153
226
233
154
133
179
211
145
141
143
231
138
156
157
162
225
134
186
175
161
139
242
166
164
204
247
180
135
236
140
140
148
168
201
187
133
159
194
198
150
240
144
182
132
252
209
135
152
169
137
193
163
196
241
131
184
210
170
225
177
171
188
168
142
148
161
175
158
167
145
196
154
192
223
142
164
194
144
163
147
159
137
198
216
208
136
204
211
134
197
149
189
185
130
189
171
149
190
143
173
193
233
178
178
172
190
181
139
155
165
138
147
165
216
243
172
180
141
186
152
173
160
158
157
244
176
156
150
151
230
195
155
166
174
224
205
160
202
197
167
170
231
182
174
200
177
207
187
169
183
176
213
210
195
248
218
199
181
191
202
200
203
192
185
209
215
199
188
206
191
236
217
219
222
230
229
222
201
237
203
217
212
206
205
215
232
214
223
246
226
214
221
213
220
227
221
228
242
232
224
229
253
250
237
235
239
227
249
234
249
238
239
248
234
245
240
243
238
241
245
246
247
252
244
250
251
255
253
256
255
251
257
254
254
257
256
258
258
-1
