157
182
176
144
216
189
249
192
138
161
151
193
141
180
146
135
197
154
218
175
146
232
132
230
167
195
202
241
220
218
151
143
177
156
161
204
152
149
200
215
171
183
133
188
179
130
147
168
166
179
173
159
162
130
221
167
205
139
196
184
142
172
135
162
153
140
160
217
207
188
137
199
229
137
131
157
197
138
158
154
173
213
132
185
153
139
134
147
177
148
166
160
163
207
164
149
190
144
165
131
143
136
212
201
152
159
174
134
208
191
171
136
242
169
140
155
198
226
187
150
168
214
155
133
174
145
164
141
175
182
170
181
187
183
142
170
209
211
150
145
169
205
204
148
219
200
208
196
156
228
181
186
237
172
237
206
158
165
163
180
192
230
234
176
184
178
206
201
189
190
214
193
209
220
178
191
223
232
195
203
227
245
185
186
235
194
238
199
222
212
194
210
254
216
224
227
211
198
229
226
202
231
203
210
215
238
213
251
221
233
224
219
222
244
231
234
217
236
255
223
240
225
245
233
225
228
247
235
246
236
241
248
242
253
239
239
248
240
243
244
243
255
246
250
251
252
247
250
249
252
256
254
253
256
257
257
258
258
-1
