218
215
151
227
140
132
223
197
135
170
182
210
171
155
194
206
226
174
146
154
237
149
168
158
188
164
139
171
238
131
205
140
155
144
182
132
170
187
221
165
173
200
138
239
142
163
176
184
143
159
141
201
131
235
156
183
157
184
179
144
229
222
214
160
148
175
165
141
134
178
232
136
172
189
137
164
188
187
167
195
150
195
193
167
146
138
145
196
139
153
183
194
169
207
142
180
152
163
156
216
175
212
230
199
181
135
133
158
190
174
217
209
130
143
202
137
130
249
147
154
149
169
227
206
133
191
186
136
166
134
179
145
208
162
177
159
205
162
150
152
202
160
192
157
185
161
147
148
173
151
153
161
226
230
203
172
219
185
176
166
222
199
197
201
198
168
193
213
228
198
180
178
191
177
231
196
216
181
238
192
190
224
186
244
219
207
189
210
204
224
253
211
233
217
225
255
221
212
214
200
204
203
233
209
234
215
208
211
225
220
218
220
213
237
240
242
229
240
247
223
239
242
232
235
228
231
249
243
234
244
248
241
241
236
245
236
256
255
245
243
250
246
247
257
246
254
248
252
250
251
251
252
253
254
256
257
258
258
-1
