189
187
235
147
174
197
161
134
187
147
154
209
154
184
178
155
150
195
173
138
194
153
195
190
130
183
148
143
139
167
137
142
207
148
208
141
200
163
132
169
153
157
149
182
233
159
133
143
238
176
215
132
177
237
162
158
171
145
166
168
211
169
149
146
179
142
165
133
144
243
186
137
172
155
226
152
141
178
204
180
183
156
206
219
140
250
136
179
213
166
167
198
151
180
164
150
173
222
205
232
136
192
203
134
138
199
135
184
175
181
186
174
131
188
135
131
130
144
157
145
170
146
165
161
152
196
172
212
239
163
188
245
199
139
151
191
140
171
160
215
170
229
185
160
158
156
196
176
164
177
159
175
193
189
181
214
162
193
221
210
224
191
248
168
216
245
201
205
208
233
192
200
209
230
256
190
185
234
214
225
218
182
224
212
228
211
231
202
197
202
194
243
203
201
217
204
198
225
236
207
216
223
210
220
228
206
223
227
221
219
220
213
217
247
234
236
218
226
232
237
222
235
227
240
240
244
231
242
229
230
242
241
238
241
239
249
244
246
252
249
255
246
250
251
248
247
253
254
251
254
252
255
253
256
258
257
257
258
-1
