168
233
137
193
220
246
201
174
167
250
135
180
212
194
158
164
133
191
199
190
239
155
156
135
139
188
144
215
138
148
152
158
130
160
157
167
209
176
132
132
189
219
142
145
232
187
142
159
163
184
175
216
166
152
146
169
173
224
154
133
172
199
202
149
137
173
203
134
204
236
168
203
160
192
147
178
131
151
140
209
153
182
150
233
179
234
201
181
163
183
145
156
141
210
170
196
208
134
176
164
136
227
197
190
224
161
136
148
157
144
143
162
131
215
147
198
138
139
174
140
171
130
162
169
196
205
141
216
175
213
149
207
217
228
181
186
151
143
146
180
159
206
153
170
150
154
191
165
184
185
231
234
155
222
249
161
179
171
193
178
226
166
172
165
195
212
177
200
189
217
226
177
183
225
206
182
185
195
186
221
194
192
223
197
187
205
188
198
229
230
243
220
213
211
200
211
207
202
214
218
204
208
214
222
237
219
210
244
237
227
223
258
218
229
230
221
235
251
238
225
231
245
240
236
235
252
228
245
247
240
257
232
238
246
244
242
239
243
241
242
241
251
249
248
254
253
247
248
252
250
256
253
254
255
255
256
257
258
-1
