194
135
131
148
160
148
140
177
224
175
157
165
130
186
145
164
150
186
213
163
218
144
175
182
165
179
139
227
158
202
134
227
139
142
161
152
205
183
146
141
172
190
133
137
136
170
130
198
195
209
149
245
199
239
133
207
168
219
176
208
143
136
169
172
132
197
252
178
141
194
153
189
234
138
201
153
131
185
184
178
140
236
156
142
181
177
154
170
192
155
214
168
219
212
152
147
132
217
135
144
240
188
137
182
158
215
166
162
171
160
162
159
242
164
166
147
231
159
171
173
146
173
207
214
203
190
188
235
174
212
161
157
198
134
156
138
143
184
200
233
149
151
151
145
228
197
183
180
155
150
204
169
167
154
248
180
185
163
246
174
181
196
191
187
213
220
167
193
226
179
176
209
193
235
225
200
211
224
206
187
218
245
192
211
203
195
196
191
189
210
225
248
202
201
216
206
199
234
221
250
205
204
210
237
215
221
208
232
217
229
228
237
222
250
231
216
223
232
223
220
238
222
249
239
226
230
244
233
229
230
241
241
252
238
236
246
247
240
243
244
242
255
243
251
247
249
256
254
253
251
253
255
257
254
258
256
257
258
-1
