222
153
177
163
202
219
227
161
208
188
140
182
150
152
250
132
146
136
144
151
149
143
130
135
148
178
158
185
165
131
201
166
133
178
166
196
168
134
154
135
164
172
138
168
148
154
146
131
157
174
151
217
167
130
149
147
194
152
139
157
220
197
140
183
202
142
175
200
136
141
153
174
137
175
165
171
183
158
193
191
156
205
180
210
209
138
237
172
223
176
169
201
192
170
132
162
188
142
167
161
155
163
216
133
160
147
234
156
150
191
206
184
145
189
137
171
226
139
187
211
181
144
141
204
190
197
199
134
195
189
179
190
208
143
164
162
220
179
145
159
160
182
186
212
205
181
196
155
194
213
214
192
214
169
195
159
173
200
253
212
228
215
180
221
210
170
226
187
207
176
173
184
215
185
177
241
247
230
193
216
203
232
204
225
186
207
235
218
198
206
231
219
198
199
235
245
224
221
209
233
239
203
230
234
211
228
223
224
236
227
213
244
225
232
254
217
218
243
229
222
237
231
246
240
233
241
249
257
229
238
240
251
236
242
238
252
248
242
239
244
245
243
250
246
253
248
247
249
254
252
251
256
256
255
255
257
258
258
-1
