131
154
162
204
187
138
165
139
205
213
203
166
138
166
175
153
140
195
178
142
141
157
160
220
145
206
159
183
150
192
163
156
245
149
174
135
162
148
169
132
143
156
217
154
159
173
169
200
145
149
135
173
208
160
147
228
202
189
168
178
237
216
146
184
177
207
147
152
191
223
167
134
219
180
136
206
148
142
201
185
155
174
224
132
170
130
144
136
190
170
165
197
161
224
137
180
186
179
175
152
158
233
133
141
232
229
200
187
179
176
172
140
167
220
139
164
177
235
146
185
199
130
204
131
238
150
133
155
240
196
184
134
181
137
182
182
151
201
151
218
171
143
163
144
161
153
194
197
198
158
242
217
211
183
222
157
250
181
190
164
231
195
193
171
193
168
234
188
189
172
176
202
188
208
227
209
247
209
210
219
243
207
199
186
239
192
196
212
211
191
243
198
205
194
213
225
203
222
226
215
212
241
236
210
230
215
214
236
221
226
214
221
227
254
216
233
223
218
257
231
230
228
246
225
247
234
229
232
248
254
239
235
252
242
255
240
237
238
244
245
241
249
244
246
248
252
253
251
249
250
251
255
253
256
257
256
258
258
-1
