173
170
143
197
193
158
185
232
153
169
161
212
136
169
178
155
139
167
158
146
131
153
204
165
200
160
136
171
179
157
193
230
220
132
195
164
147
150
184
170
140
131
203
139
180
138
250
140
249
213
145
192
151
133
190
130
149
168
133
221
246
130
196
177
201
175
162
197
134
143
187
168
180
149
148
142
179
138
161
247
209
202
215
167
189
171
141
155
137
144
172
157
184
186
135
137
178
164
148
160
173
242
186
154
166
183
176
183
156
147
135
195
142
199
152
208
192
204
145
141
199
159
162
134
174
172
152
146
132
196
144
194
194
154
181
239
241
217
156
166
163
150
190
174
163
223
176
165
159
151
243
227
175
210
201
226
188
182
187
214
231
202
227
198
191
182
229
205
177
218
206
198
216
191
211
245
181
235
207
185
212
211
189
244
200
206
188
234
228
234
240
225
205
219
208
216
223
203
221
222
220
214
210
215
207
209
217
219
213
222
247
238
218
229
224
233
233
225
252
224
236
228
238
237
226
242
236
232
230
250
231
248
235
251
240
244
237
241
239
245
243
258
254
246
253
248
251
249
255
252
253
254
256
256
255
257
257
258
-1
