217
174
141
131
160
251
194
227
192
225
172
180
136
187
177
150
188
138
175
169
139
135
184
152
210
154
161
178
191
160
178
168
191
240
132
173
161
167
200
163
142
143
170
193
224
164
147
219
144
171
131
165
137
140
133
157
204
164
168
221
151
145
162
207
159
176
197
136
200
166
157
181
174
130
159
151
140
256
135
185
233
195
153
166
228
158
146
176
239
134
205
155
226
132
142
179
169
153
152
231
206
130
187
237
143
190
162
185
155
206
212
137
149
141
146
145
134
224
172
229
148
156
203
147
193
179
148
214
189
195
144
139
133
138
158
184
228
192
198
209
241
150
171
242
149
186
177
173
170
167
197
156
154
217
211
186
163
182
202
183
246
190
199
165
180
199
216
189
196
196
175
220
182
194
205
198
208
201
230
181
201
183
240
210
203
220
188
208
215
223
202
213
223
204
214
219
209
241
211
235
234
222
216
207
212
245
225
226
213
242
222
215
234
221
218
238
236
218
230
232
238
254
233
231
227
229
239
247
232
243
249
236
244
235
245
243
237
248
246
249
250
251
253
244
254
247
253
248
250
258
252
252
256
255
255
257
257
258
-1
