178
157
203
140
227
169
145
142
214
151
221
184
212
139
141
183
204
146
174
137
180
153
206
138
186
158
171
191
178
190
131
138
133
179
136
170
163
155
187
135
134
134
204
135
222
182
160
189
154
141
152
144
184
192
161
161
176
185
139
191
146
187
149
215
143
165
167
166
164
218
149
162
159
169
201
200
196
182
147
143
234
247
216
236
148
159
228
132
153
199
192
230
160
186
150
165
132
200
241
151
174
217
248
202
193
147
225
144
211
180
205
148
163
158
185
130
130
168
155
156
152
150
156
136
173
234
131
213
220
217
154
198
133
206
140
137
235
172
145
175
142
175
235
227
220
164
167
173
168
172
179
211
162
170
207
195
157
205
177
181
176
231
229
190
166
188
188
236
171
177
183
219
218
181
215
189
226
198
193
222
194
231
197
213
199
201
195
214
203
208
197
209
209
194
196
238
244
224
207
208
210
202
226
223
248
225
212
216
232
210
245
221
219
249
223
240
232
242
228
237
253
241
253
224
249
233
230
233
229
237
252
242
246
238
239
240
256
239
246
243
245
243
244
250
247
251
257
252
250
255
251
256
254
254
255
258
257
258
-1
