202
180
166
139
144
140
168
130
183
179
132
208
152
143
137
235
178
155
225
159
194
138
204
135
228
158
204
153
206
154
157
195
176
155
156
133
196
182
161
164
185
140
147
186
170
165
212
165
198
229
251
222
191
196
171
150
159
188
148
230
189
134
198
186
199
183
136
134
145
152
146
144
149
157
217
187
237
136
207
227
188
138
233
160
167
130
210
178
146
141
172
145
177
137
142
231
173
223
191
217
212
131
176
141
139
163
168
214
132
169
154
209
149
135
158
161
142
153
181
156
218
133
199
163
150
214
190
197
131
174
172
167
177
143
184
248
200
166
170
148
182
147
151
162
151
211
207
181
200
169
184
185
164
162
173
234
160
174
189
202
195
205
220
193
197
175
233
192
223
171
193
194
175
237
180
179
225
192
221
210
222
209
221
187
190
236
228
203
227
249
241
242
201
206
203
220
215
224
201
208
211
224
240
213
205
243
218
216
231
215
219
219
213
234
226
216
238
240
226
230
242
236
243
239
246
232
238
229
244
241
239
232
235
254
247
257
245
244
246
249
251
252
250
245
253
253
247
248
250
254
252
258
255
255
256
256
257
258
-1
