155
240
206
159
131
169
166
186
130
252
191
181
146
136
140
134
143
133
165
155
156
183
204
176
183
152
179
162
179
130
136
153
211
211
135
153
150
184
154
251
197
156
147
207
141
146
214
139
147
142
213
174
132
148
148
161
171
220
185
236
201
164
138
230
137
217
133
180
139
200
141
225
212
131
149
157
213
202
251
160
176
145
150
168
149
218
234
170
250
144
189
185
132
164
172
173
206
138
167
160
228
190
181
243
143
177
151
225
137
198
158
214
144
188
171
134
196
151
184
187
174
154
178
163
246
140
145
152
209
188
158
203
135
157
247
163
159
193
161
232
142
162
205
194
172
190
189
205
170
175
208
169
192
227
194
200
166
182
207
208
182
203
165
173
168
197
167
223
193
178
175
212
180
191
187
192
177
186
210
249
216
220
230
201
215
195
216
204
226
196
195
198
231
217
199
199
209
202
224
219
237
234
242
215
229
222
238
224
210
218
228
221
235
233
219
221
233
241
223
222
232
248
237
229
226
227
239
238
235
239
231
240
254
236
247
245
245
248
243
242
241
246
244
244
256
255
252
250
249
257
254
253
253
255
258
256
257
258
-1
