184
242
240
170
134
171
149
192
163
161
136
188
200
143
243
162
148
162
153
166
201
141
237
143
145
139
192
135
152
198
157
176
146
219
210
203
213
176
157
161
240
154
150
139
165
153
155
159
163
137
169
135
209
222
201
140
183
168
151
183
138
177
147
158
133
235
132
132
160
144
137
134
152
186
175
131
155
200
187
150
217
207
234
142
209
148
246
180
165
146
156
178
145
173
158
210
173
141
198
225
228
177
133
159
130
138
187
167
130
160
142
196
199
190
197
205
140
214
174
136
167
131
156
208
170
147
182
168
172
226
194
172
206
189
175
190
193
182
226
144
154
202
199
149
151
221
169
171
164
166
216
194
184
197
223
179
185
225
181
191
185
164
181
189
214
191
232
174
204
179
178
211
220
203
180
243
186
188
212
217
195
195
247
202
193
212
204
247
234
196
223
228
218
253
213
218
231
257
231
206
207
208
227
205
224
220
216
211
215
256
250
215
229
241
230
229
224
219
221
233
233
222
253
239
245
236
227
237
232
230
239
241
238
254
235
236
242
238
252
245
244
254
248
244
246
248
249
249
251
250
251
252
255
255
256
258
257
258
-1
