187
137
226
155
153
130
242
178
152
228
162
212
211
221
164
177
143
158
130
156
167
138
173
139
135
136
219
201
132
160
166
192
184
205
159
141
188
164
215
139
159
131
146
142
227
174
162
163
176
147
156
150
189
140
239
191
150
148
155
230
145
172
136
161
138
132
134
146
133
216
235
170
220
220
200
137
142
180
210
165
160
222
242
234
179
221
145
131
214
198
201
204
199
144
184
193
232
171
202
163
237
177
147
224
190
144
143
197
141
148
157
154
185
134
218
168
133
175
151
183
175
168
225
165
179
173
176
181
140
171
195
178
149
135
158
186
211
153
182
254
174
169
186
151
149
237
154
161
192
238
152
157
166
188
240
172
197
189
225
213
181
203
227
255
169
213
167
170
183
204
209
193
208
185
236
212
226
180
203
182
196
247
187
194
196
194
206
190
191
224
195
198
207
246
199
206
244
200
210
244
209
202
205
256
208
207
218
217
217
216
214
228
245
215
219
249
236
222
231
223
223
230
233
229
232
229
245
234
233
241
231
252
235
248
238
248
239
240
246
241
243
243
250
253
252
249
247
253
250
251
251
256
255
254
257
258
257
258
-1
