157
135
200
185
141
145
172
202
144
187
137
133
157
137
143
132
156
167
161
149
186
144
132
211
161
206
210
235
194
213
227
150
196
135
156
141
155
223
147
252
138
160
170
130
224
140
164
192
134
154
215
238
148
166
171
193
154
173
130
187
149
223
162
214
219
232
155
183
136
179
142
152
165
191
146
174
209
131
168
203
190
158
169
226
139
247
160
229
182
138
168
151
181
172
171
131
142
152
159
221
133
177
169
147
212
166
134
196
146
183
151
150
153
240
200
158
174
207
184
163
208
177
148
205
140
189
163
176
167
143
211
136
153
176
182
227
170
195
139
185
204
159
162
145
175
213
189
179
241
199
173
239
180
165
201
178
184
215
175
195
164
249
228
186
206
178
190
192
212
188
180
202
201
181
225
197
193
216
203
221
208
188
199
194
244
197
191
228
198
198
204
238
242
232
226
224
207
233
205
218
230
209
222
210
217
236
234
219
220
217
218
225
214
222
216
240
243
220
244
231
237
235
233
252
236
231
230
246
229
245
242
234
237
246
243
254
239
241
248
250
248
253
254
251
245
249
247
256
251
250
253
257
255
256
255
257
258
258
-1
