235
155
201
232
185
157
141
211
154
145
207
142
134
152
130
169
130
240
160
240
173
213
188
199
162
139
233
162
158
143
164
140
186
174
212
131
171
215
136
144
148
143
142
177
140
161
153
145
147
184
178
182
165
167
179
244
150
218
246
166
181
187
191
192
257
176
193
204
185
139
132
155
157
163
191
159
151
146
205
174
166
203
151
144
235
178
201
148
132
133
222
236
133
186
165
176
135
179
147
146
168
131
137
170
158
138
170
230
183
189
175
217
183
243
237
189
135
198
156
217
171
152
159
164
214
134
192
137
219
153
141
161
173
160
136
138
156
182
221
198
167
150
172
195
149
149
221
202
169
181
193
202
154
220
200
180
163
225
204
224
168
241
187
228
196
200
184
190
194
209
214
172
219
177
175
206
239
196
194
180
213
190
188
208
207
195
234
212
250
203
216
226
234
227
197
199
197
210
205
223
227
218
208
210
209
206
224
225
211
232
215
229
238
241
223
216
220
233
252
237
222
246
228
231
226
243
229
230
231
248
244
236
256
245
238
251
239
247
245
250
242
242
255
251
247
249
253
248
249
253
252
256
254
254
255
258
257
258
-1
