231
227
190
249
142
178
211
146
144
211
140
179
132
169
132
191
212
167
188
133
130
194
150
189
165
144
139
155
225
222
188
153
136
170
215
138
187
150
135
170
164
216
190
143
157
148
204
130
226
203
157
221
149
154
217
168
172
162
180
141
151
154
200
210
193
242
231
146
141
244
194
196
213
159
134
133
185
224
198
171
186
185
208
200
219
193
165
147
166
161
210
145
175
137
223
137
158
196
139
142
138
192
131
159
152
216
174
181
174
199
143
178
217
224
214
163
163
235
176
149
145
131
227
134
156
176
249
180
136
156
177
171
135
148
187
183
167
152
140
182
209
158
155
161
147
220
195
151
153
164
160
160
179
203
166
233
182
189
208
172
162
191
195
173
181
168
169
175
238
237
173
177
228
184
186
202
197
204
243
250
184
205
183
201
198
206
197
209
192
220
202
207
201
199
226
213
214
206
222
236
218
205
212
234
233
207
235
221
237
218
215
234
223
246
248
230
232
232
219
248
238
242
229
225
245
228
229
241
240
230
243
250
252
236
246
239
239
245
241
240
244
247
247
251
255
251
253
252
255
254
256
254
253
256
257
258
257
258
-1
