205
201
148
133
145
247
255
175
164
176
179
188
146
178
151
170
189
200
138
190
160
226
146
202
183
167
143
175
180
230
161
163
182
149
163
138
198
136
139
162
158
153
155
147
193
173
177
135
156
150
151
130
184
149
132
173
243
192
133
180
155
164
168
147
207
140
218
143
135
134
185
185
131
131
197
210
159
139
134
184
205
167
208
220
152
137
215
162
157
200
171
157
165
130
144
213
168
142
137
207
154
223
154
152
209
150
232
206
174
196
226
193
191
145
158
187
172
194
132
189
141
177
144
206
201
141
156
170
136
199
228
148
196
224
169
214
140
160
178
236
142
214
191
159
171
182
203
161
181
231
188
181
153
174
251
169
195
165
172
195
166
198
204
213
208
166
176
183
186
235
229
186
179
187
248
234
243
250
203
190
221
204
212
199
230
220
216
194
216
238
219
192
239
197
227
202
241
217
225
223
221
209
210
212
217
211
224
211
239
225
229
219
215
242
231
218
235
228
222
222
233
237
244
237
233
227
236
232
234
241
251
249
240
252
246
242
245
238
247
240
254
245
244
249
246
253
250
248
257
253
252
257
256
254
255
256
258
258
-1
