148
203
141
147
219
189
206
195
221
140
160
168
133
139
237
204
197
227
188
162
158
196
146
147
217
131
181
172
197
165
181
187
151
229
188
222
179
135
198
183
142
165
146
182
141
194
185
176
162
145
161
155
178
142
130
182
169
163
139
225
217
208
172
157
144
144
170
173
216
168
136
136
198
220
151
184
143
134
235
145
130
189
138
149
177
174
175
180
171
137
133
213
195
184
202
186
210
132
156
194
216
166
210
219
149
131
143
134
166
247
159
177
164
180
132
174
176
156
154
236
199
152
240
153
164
138
157
223
209
205
161
214
137
193
135
148
140
170
175
178
150
171
150
227
160
158
154
155
152
167
153
234
191
187
167
185
190
159
179
207
163
249
193
200
228
201
169
220
233
186
192
173
222
183
209
211
204
215
191
211
212
202
203
230
215
251
192
190
205
208
207
238
196
201
200
199
242
237
218
238
239
226
206
235
212
218
245
234
243
214
213
223
233
239
221
224
230
231
243
228
225
258
224
229
241
226
232
250
231
236
254
232
240
241
242
244
251
247
246
248
244
252
246
249
245
248
256
250
253
253
255
252
255
254
256
257
257
258
-1
