168
158
131
238
162
130
200
173
189
135
157
161
134
201
193
219
169
149
194
134
164
158
160
166
230
153
214
188
137
167
177
149
143
211
142
222
156
204
143
141
165
135
152
160
148
141
152
211
175
159
145
132
144
142
197
139
150
189
197
195
131
180
153
198
218
209
157
205
234
187
147
172
163
188
212
179
166
198
215
136
138
219
146
155
133
185
190
181
137
216
155
245
225
151
133
138
154
136
239
185
195
237
173
237
187
163
171
140
144
208
247
183
146
250
180
150
161
199
199
154
140
169
191
207
130
204
186
210
139
167
218
132
145
148
156
236
168
209
213
165
178
147
206
217
171
178
212
162
243
170
151
196
175
196
203
170
192
159
164
174
205
194
184
192
176
182
177
191
172
176
215
193
186
174
179
184
208
200
246
182
181
202
183
213
222
190
224
207
203
223
206
242
226
201
216
214
233
254
217
240
232
202
249
232
221
210
244
224
225
231
226
235
223
220
241
220
235
221
227
252
230
233
227
246
228
228
229
229
231
244
240
255
234
242
236
239
238
243
241
249
251
248
250
245
256
247
248
252
253
251
257
253
254
258
255
256
257
258
-1
