178
170
232
152
146
240
140
234
184
187
220
168
166
144
163
141
186
131
208
183
180
134
155
136
172
135
138
150
181
176
151
162
183
177
136
173
159
206
153
196
140
161
176
200
182
148
162
241
218
130
157
179
172
221
205
152
137
184
192
168
194
163
169
164
139
144
133
217
132
133
195
131
224
148
203
138
188
147
159
160
142
224
134
154
192
130
223
149
210
150
156
141
147
170
229
145
154
166
201
239
182
180
165
153
164
177
199
213
156
142
165
145
158
171
198
245
185
189
204
191
175
161
132
143
146
188
219
236
215
246
137
179
151
221
135
215
139
167
158
169
207
143
160
175
226
217
157
155
149
210
231
240
171
211
185
205
173
187
174
178
190
197
167
242
212
247
218
198
200
186
194
174
196
181
195
231
199
206
219
197
209
203
214
216
189
207
204
190
225
193
191
193
214
223
211
201
244
212
225
202
213
202
222
216
250
239
237
208
209
220
238
243
228
233
227
222
230
255
228
227
232
226
229
230
257
242
235
233
241
235
238
245
234
236
249
237
244
243
248
249
246
250
251
255
247
254
253
248
252
251
253
252
256
254
258
256
257
258
-1
