182
167
138
164
150
202
146
174
130
164
160
131
162
224
134
136
152
195
170
238
226
160
133
149
144
215
178
176
140
204
156
154
143
153
172
173
141
221
169
168
191
166
144
171
148
150
198
219
145
161
220
167
143
205
199
175
212
157
145
213
224
156
193
155
153
135
157
137
166
158
142
190
132
152
214
218
243
180
159
177
239
132
137
249
163
158
175
173
171
162
193
254
141
130
151
136
142
239
188
187
210
189
226
148
194
168
186
206
207
134
139
208
195
244
201
216
151
147
172
197
133
140
139
147
131
138
161
149
187
146
179
181
174
135
209
207
155
216
222
176
196
188
169
185
159
206
165
154
199
165
219
181
200
202
184
204
183
197
217
205
163
211
170
217
186
182
177
179
232
209
189
192
180
178
203
183
223
240
190
184
225
191
185
208
200
213
241
242
198
218
192
194
196
233
214
228
241
234
248
201
203
236
212
230
221
210
248
222
235
232
211
257
235
227
215
246
228
227
220
231
229
255
223
225
236
234
229
231
242
230
233
238
249
237
237
245
240
246
251
247
243
253
245
244
250
252
247
250
252
251
256
255
253
254
257
256
258
258
-1
