135
180
149
229
163
146
140
180
160
160
167
147
164
153
141
133
248
133
166
138
236
144
205
165
132
187
137
134
169
215
170
190
158
136
151
211
171
208
131
194
176
143
213
169
153
175
200
155
224
172
159
243
139
199
224
150
143
182
150
227
162
171
145
197
216
142
184
186
181
176
209
185
201
158
183
174
188
130
140
217
214
165
198
134
219
177
178
155
163
247
147
218
130
152
132
131
185
174
141
135
144
210
139
156
136
172
146
145
209
151
167
220
138
217
196
207
148
170
157
164
142
196
179
191
191
156
177
166
207
197
149
137
230
154
199
208
190
159
154
175
148
234
162
181
240
195
157
240
182
173
152
206
161
168
161
216
168
231
220
186
193
221
194
221
188
213
189
178
225
179
173
202
193
183
184
189
192
187
192
245
236
203
211
210
248
200
202
204
226
195
233
239
227
201
205
203
198
204
232
215
212
206
214
232
218
229
244
237
228
212
238
219
233
237
223
234
222
223
254
241
226
222
230
231
225
252
238
228
235
239
247
235
241
250
250
242
249
243
242
252
244
246
246
245
256
249
251
251
255
255
253
253
257
254
258
256
257
258
-1
