164
186
156
186
249
159
227
193
208
138
239
157
183
151
180
135
236
169
176
161
170
171
167
174
242
144
192
237
178
181
136
134
166
160
132
137
141
202
205
192
158
139
156
145
136
161
199
155
194
175
143
187
215
167
168
184
189
178
172
204
173
153
218
146
177
143
148
158
133
228
150
203
135
152
140
164
153
131
157
234
232
134
214
145
162
220
130
130
162
146
179
200
189
152
223
154
137
194
139
142
240
149
197
176
142
169
196
148
141
200
163
147
250
159
149
235
155
151
223
165
138
132
165
197
213
150
131
195
224
154
171
133
187
144
147
140
179
231
228
173
193
185
221
225
188
195
182
199
203
212
181
163
175
177
166
170
160
190
249
168
205
180
198
183
207
222
174
209
172
190
184
229
213
196
191
191
219
217
182
188
226
206
185
201
207
231
239
220
221
233
198
232
224
210
204
211
202
230
210
201
209
238
222
227
206
216
208
211
212
225
215
216
243
214
217
218
256
219
230
229
235
242
248
238
233
226
234
245
252
247
237
247
243
248
236
241
244
246
240
241
245
250
244
258
251
246
255
255
252
251
253
254
253
254
256
257
257
258
-1
