210
182
132
197
157
144
176
153
189
188
178
212
204
147
204
131
134
169
191
156
146
158
166
206
150
147
190
181
154
164
164
185
197
141
140
168
146
187
136
196
177
159
162
194
222
220
148
191
252
196
142
160
144
149
130
190
166
140
180
172
200
171
157
132
224
205
179
220
198
223
152
171
139
212
169
237
156
186
139
206
161
228
198
135
174
161
154
143
184
195
162
134
173
242
192
135
208
228
151
185
133
133
136
178
225
175
130
187
170
141
172
149
163
142
254
138
188
137
180
145
176
160
159
155
211
229
143
201
173
165
131
148
170
151
137
153
138
179
181
150
152
167
202
213
145
165
189
244
230
167
163
168
155
175
158
184
211
218
177
174
201
214
217
215
245
248
219
205
207
194
209
183
214
199
183
229
193
186
209
202
216
182
242
227
221
207
200
192
203
221
199
193
195
210
216
217
231
239
222
235
247
219
203
215
243
224
226
208
213
241
255
223
240
234
238
244
231
218
232
233
227
226
230
233
225
236
235
250
232
241
236
248
234
240
239
237
238
249
250
243
246
246
249
245
256
247
253
252
251
257
251
253
255
254
257
256
258
258
-1
