146
167
167
132
174
219
224
147
152
235
197
174
238
142
183
200
176
130
154
153
212
177
151
137
214
156
170
181
151
133
146
143
204
143
163
177
149
209
152
148
193
234
207
185
205
183
141
134
138
159
194
145
178
131
162
135
197
199
178
132
147
130
173
153
144
193
175
220
134
217
139
169
158
166
136
173
213
192
140
184
207
179
142
150
155
161
157
137
171
141
164
162
154
220
157
172
150
190
138
136
203
198
190
232
133
135
201
247
189
139
210
145
226
216
144
160
181
160
211
176
155
225
225
188
148
140
131
182
165
159
202
163
186
223
165
149
158
185
171
188
166
199
161
216
186
232
195
218
172
169
184
208
156
222
196
240
170
180
168
226
191
164
182
168
203
214
227
187
175
191
215
244
194
211
200
179
187
180
204
195
189
205
192
234
221
198
201
231
251
221
239
208
224
202
206
196
215
213
206
223
210
244
212
252
230
237
240
209
242
229
218
248
233
231
217
228
222
219
242
236
250
228
245
233
229
227
239
230
238
236
243
237
235
247
245
256
241
246
241
243
255
251
253
248
249
246
250
254
249
252
254
257
253
255
257
256
258
258
-1
