140
155
168
209
195
203
153
145
223
175
141
143
188
188
135
194
190
133
220
155
156
138
189
170
157
178
231
148
184
193
138
183
204
242
186
148
140
160
216
207
229
139
165
142
151
171
161
215
176
237
233
196
147
179
199
209
132
191
212
136
139
192
144
166
145
193
189
163
218
181
130
201
149
137
146
159
158
163
151
132
207
222
167
241
230
159
131
136
135
142
182
143
164
158
222
173
228
200
130
134
156
196
184
166
150
253
214
131
186
201
141
180
182
171
154
152
150
144
167
178
179
153
185
147
170
134
133
234
221
157
146
173
168
174
197
226
137
169
164
161
192
154
200
172
152
187
162
149
205
198
165
174
214
160
177
197
172
216
181
185
208
162
239
190
198
169
204
194
199
175
219
176
236
247
195
177
205
211
180
183
225
187
202
191
224
206
218
217
226
213
244
211
233
240
210
237
212
202
203
210
227
215
254
219
206
231
208
227
258
213
230
245
240
217
221
220
243
243
229
225
223
235
224
232
244
228
251
246
235
241
232
234
252
236
239
238
248
238
242
257
252
246
247
245
249
249
250
248
251
250
254
253
256
255
255
256
257
258
-1
