183
197
158
216
130
234
160
150
168
135
140
147
176
134
182
132
208
139
222
198
209
245
190
207
143
139
133
131
136
136
177
143
154
201
214
135
171
165
144
159
194
156
197
161
154
223
172
238
137
225
204
153
131
147
194
144
187
142
157
238
138
219
236
195
133
141
149
226
167
221
219
182
148
206
152
192
174
163
184
169
132
169
233
157
170
204
191
130
202
153
174
140
211
166
179
160
150
134
152
146
177
155
145
161
185
142
158
151
148
178
172
199
137
138
166
146
156
217
228
175
180
184
205
159
171
155
167
217
149
176
193
189
205
162
192
141
240
145
193
181
236
210
183
202
191
168
162
151
230
239
196
163
186
222
186
210
198
170
165
164
164
231
181
173
223
208
246
228
188
175
173
207
188
189
196
215
179
178
243
180
187
185
250
199
200
190
201
227
231
206
195
200
229
212
220
232
213
203
203
209
218
224
227
212
214
211
224
218
215
213
216
247
242
242
237
221
220
230
248
225
233
226
235
245
229
255
249
252
235
232
240
234
251
250
252
237
239
241
243
241
244
246
244
247
248
253
254
249
254
258
251
253
257
256
255
256
257
258
-1
