236
142
191
173
228
163
136
133
139
210
187
147
175
172
134
179
185
155
244
149
206
177
152
161
138
192
194
216
134
146
208
189
178
141
168
141
160
174
186
163
225
215
169
176
210
201
185
214
251
146
224
137
143
140
167
170
182
190
166
133
148
231
136
165
213
183
157
150
169
150
192
145
223
178
181
131
193
135
162
245
240
190
168
130
188
183
132
142
211
158
149
184
161
167
162
138
199
227
164
157
135
140
145
226
177
151
222
206
131
148
175
130
241
137
132
151
153
144
156
159
153
180
164
200
219
202
171
143
144
186
217
209
139
223
196
207
180
198
158
174
232
159
147
202
181
160
154
191
152
188
226
154
155
156
197
209
171
165
231
172
208
166
199
182
176
184
170
193
201
205
207
173
197
204
195
220
179
215
187
195
196
189
205
241
198
200
234
238
222
204
217
237
203
194
203
240
221
216
242
237
248
227
212
233
212
228
211
214
254
213
219
232
218
221
218
220
225
230
239
229
233
224
230
229
249
236
244
235
242
234
235
245
243
250
252
246
239
238
243
251
248
246
247
256
253
250
247
249
254
257
252
253
255
258
255
256
257
258
-1
