158
171
187
131
246
172
130
154
145
256
163
195
206
197
147
147
191
138
213
136
196
130
149
143
149
185
146
186
152
162
140
200
154
182
136
169
188
156
134
175
177
135
193
166
184
142
140
166
194
180
174
190
178
170
134
141
231
144
148
133
165
201
131
230
146
246
220
206
229
223
179
169
183
132
220
142
158
223
207
159
193
244
139
168
199
155
215
160
183
176
162
205
217
151
156
233
151
153
216
231
173
200
137
196
180
170
176
185
232
159
133
139
209
150
135
138
148
143
150
137
209
227
157
173
171
132
184
144
152
188
164
167
182
141
204
164
145
199
157
192
178
221
211
167
153
155
198
175
212
181
163
161
160
190
203
168
165
161
177
181
195
202
198
241
194
210
186
174
179
189
216
172
197
210
238
202
192
238
217
189
224
221
187
205
233
201
191
207
228
215
229
239
203
212
213
204
224
219
214
218
219
245
242
214
208
211
248
208
226
225
235
237
218
235
222
226
240
230
237
236
222
227
228
241
225
232
234
245
242
250
244
234
249
236
253
257
243
252
239
240
243
247
249
254
250
247
253
248
252
251
251
258
254
255
255
256
257
258
-1
