158
145
175
184
195
150
138
201
215
165
210
137
215
140
160
162
236
168
234
230
197
212
179
156
155
133
135
132
179
168
159
203
182
146
144
166
167
187
176
220
138
235
223
190
131
156
216
166
154
142
164
194
174
227
143
147
246
152
141
178
139
139
161
136
154
216
133
184
163
196
147
141
151
224
209
149
186
212
146
202
144
208
177
174
145
176
188
177
211
224
162
195
175
134
142
213
178
222
148
130
159
180
219
131
181
136
152
149
150
158
173
252
140
170
130
134
172
151
190
132
222
157
155
171
153
207
205
143
186
137
135
205
217
161
171
194
211
256
217
148
160
169
165
164
170
198
183
200
196
163
203
199
153
185
157
193
167
189
218
188
197
169
228
243
185
187
221
173
202
218
189
172
192
181
219
183
191
180
198
209
223
182
192
191
208
200
241
199
201
193
207
232
245
232
204
206
204
235
214
214
246
233
237
206
239
220
213
210
233
251
225
245
221
226
226
240
228
241
225
243
229
238
227
229
231
231
244
236
237
230
248
242
239
234
238
242
240
252
253
250
250
249
244
249
247
254
247
248
258
253
251
257
254
255
255
256
257
258
-1
