138
197
162
147
201
134
191
170
143
160
135
173
171
202
171
132
240
141
151
197
133
177
212
159
187
162
199
181
140
194
189
193
217
136
153
161
180
243
158
251
201
209
198
188
154
215
154
148
137
168
176
231
141
228
221
242
165
144
145
180
224
232
237
167
152
144
204
219
178
184
155
190
151
133
152
139
170
131
164
142
156
147
195
181
132
130
211
140
202
207
196
176
242
168
160
145
182
184
149
166
238
169
146
229
182
163
134
190
130
142
146
178
239
156
167
208
135
138
131
150
177
137
157
206
183
139
227
136
192
193
164
161
159
174
143
148
204
155
213
230
236
150
222
186
158
213
149
174
252
157
172
200
153
179
165
183
226
185
166
173
163
203
175
189
210
175
169
257
247
185
172
187
206
195
198
179
186
194
225
218
203
207
217
192
205
218
211
188
205
209
191
200
199
196
231
216
219
245
233
208
215
226
237
229
212
223
214
230
221
210
216
214
220
227
220
224
246
222
223
232
244
225
235
228
241
238
236
234
243
233
244
235
255
234
246
239
248
249
241
240
248
250
245
256
247
250
253
252
249
251
254
256
253
254
255
258
257
258
-1
