144
148
134
143
172
136
151
152
160
242
137
191
192
140
212
134
191
171
138
176
166
222
244
182
163
183
195
154
138
132
158
174
150
131
170
141
139
188
159
181
189
155
162
164
178
216
149
144
251
158
219
168
212
199
162
222
214
142
147
197
156
177
214
175
202
131
165
139
130
170
241
153
183
213
204
196
184
133
136
172
189
192
179
210
161
164
167
141
156
194
137
145
143
135
146
157
155
168
209
193
135
174
161
233
196
132
130
193
133
207
146
173
223
205
142
200
153
223
171
197
140
175
232
152
176
177
169
145
228
213
194
149
169
147
187
151
167
159
154
228
148
173
150
185
180
160
225
165
209
202
206
204
179
215
245
157
236
163
231
187
186
186
234
181
188
166
226
217
239
219
184
182
178
203
199
180
203
237
224
198
229
185
221
211
235
208
195
190
190
232
200
201
218
207
218
198
205
208
240
201
220
206
210
239
216
240
211
256
215
238
246
234
225
244
224
221
217
227
238
220
227
226
231
248
230
245
230
236
229
242
235
233
243
247
252
249
237
250
241
250
255
246
243
248
247
249
256
253
254
252
251
257
253
254
255
258
257
258
-1
