176
138
184
162
176
230
163
173
143
202
156
155
155
152
180
205
193
223
167
222
159
151
236
198
210
130
208
179
139
188
143
148
174
141
170
142
178
166
130
217
158
144
169
240
213
165
183
169
152
168
148
173
133
154
179
185
164
172
137
191
190
150
182
160
178
189
187
144
171
202
149
157
208
131
186
181
134
167
135
229
145
147
177
142
153
204
166
245
224
186
153
198
226
188
219
140
135
136
177
212
204
137
214
131
147
160
133
149
212
243
132
164
237
154
161
171
145
132
203
150
226
227
239
209
172
207
134
141
146
138
174
165
136
159
180
194
146
139
140
151
228
214
158
205
161
217
256
203
162
218
175
192
156
175
157
168
192
201
185
163
200
191
199
197
193
200
170
182
181
216
189
227
195
195
234
194
236
207
206
196
184
183
211
197
187
219
218
224
190
220
237
201
196
213
199
238
215
209
206
235
241
211
231
229
210
232
225
222
231
221
220
225
221
216
215
239
246
223
230
246
241
228
242
232
233
238
234
233
245
244
248
240
247
242
235
254
243
249
248
251
252
244
252
247
250
255
250
253
249
251
256
254
253
255
258
257
257
258
-1
