147
137
183
179
180
150
168
145
192
163
187
138
166
185
215
171
139
133
250
172
180
151
135
135
158
243
149
181
165
144
148
195
197
136
196
184
176
170
228
170
140
200
202
231
201
131
209
206
172
229
182
153
211
189
159
144
222
139
152
151
173
250
155
178
160
174
177
186
161
200
132
134
146
143
179
164
219
145
158
133
183
202
167
169
248
193
148
221
224
207
141
130
136
226
143
154
186
131
230
173
232
142
153
169
138
178
224
225
134
155
192
157
199
190
157
206
156
238
213
223
152
142
132
130
141
174
140
147
156
168
188
137
146
149
176
162
217
165
160
208
166
194
162
207
164
189
227
195
246
150
154
191
214
175
159
228
161
163
167
194
184
216
232
185
188
196
171
175
217
182
212
204
210
177
211
181
226
205
198
225
222
187
210
191
218
190
203
199
193
197
205
239
198
214
201
212
203
208
231
223
241
213
204
229
219
220
209
235
216
247
218
215
241
249
239
242
233
220
234
221
238
236
227
235
237
230
247
236
233
242
237
244
234
240
246
245
240
254
243
248
244
253
249
252
245
254
256
251
255
251
252
253
258
257
255
256
257
258
-1
