232
166
213
143
160
175
139
236
197
139
153
146
201
190
177
137
152
154
154
188
224
150
210
170
140
209
194
163
167
252
147
173
189
174
169
140
152
176
142
144
185
238
168
179
147
208
177
161
179
175
209
205
191
182
161
134
131
200
153
135
132
192
151
205
194
186
182
156
211
136
196
142
143
145
158
136
173
181
130
171
155
198
187
137
217
141
148
202
193
224
157
168
163
215
131
169
204
130
135
227
158
167
218
159
186
138
184
174
223
214
170
133
183
134
214
162
138
166
146
148
133
159
238
160
141
204
144
132
150
156
187
185
212
188
207
155
162
195
192
151
203
172
157
145
239
207
149
191
149
195
164
183
193
201
180
202
165
164
172
247
190
171
181
165
180
196
242
184
176
178
240
237
198
178
233
206
222
219
234
235
206
233
213
189
250
229
203
199
220
208
199
219
197
216
210
222
221
200
220
212
221
216
231
223
211
228
217
218
241
229
234
225
215
225
230
226
251
227
226
242
255
230
235
249
232
239
228
231
246
244
241
236
252
237
243
240
248
253
253
243
245
246
245
244
247
251
249
248
256
250
255
254
254
256
257
258
257
258
-1
