140
224
166
143
159
160
142
207
169
237
164
238
135
131
156
139
197
140
143
186
203
167
168
137
184
165
175
238
230
211
192
152
179
187
163
231
154
229
157
158
175
155
130
179
190
209
164
139
153
148
161
134
160
133
145
193
170
210
217
155
134
184
146
141
200
162
210
147
205
196
206
145
132
148
206
198
174
220
177
156
218
194
158
194
138
181
191
185
227
153
254
161
150
185
202
192
136
176
177
212
147
231
234
154
169
132
149
182
171
157
242
142
221
136
131
151
189
226
133
222
165
197
130
170
149
221
137
152
159
135
138
172
141
171
182
166
146
167
144
144
150
151
241
162
181
188
189
163
223
180
178
183
187
213
178
172
203
200
215
186
207
247
191
195
174
233
168
173
205
183
190
173
176
193
180
209
220
199
188
196
219
244
204
211
214
228
198
249
195
201
223
217
202
199
212
235
201
245
208
208
213
228
204
225
244
236
218
214
216
219
226
224
215
240
239
216
225
222
246
232
227
232
233
237
230
229
236
239
257
241
248
234
247
235
242
240
252
243
245
253
243
246
250
257
248
251
251
250
249
252
254
256
253
255
255
256
258
258
-1
