189
166
247
146
167
166
207
156
162
136
180
132
223
184
149
133
175
239
169
151
161
171
163
202
239
165
159
221
178
150
216
146
141
135
244
176
152
229
210
186
134
187
138
142
157
150
170
131
141
219
183
205
142
140
189
183
181
255
169
136
145
135
147
157
152
177
139
191
168
176
167
208
130
172
203
194
160
131
139
134
212
132
199
195
161
217
199
216
148
143
226
151
154
137
230
130
144
196
153
160
155
149
192
218
147
182
164
179
223
148
178
137
187
201
138
188
158
177
172
159
184
133
171
156
143
232
220
206
211
144
188
140
224
154
197
207
209
153
165
235
173
164
228
145
158
163
192
190
168
155
179
174
174
213
235
194
162
173
185
198
222
190
186
185
181
175
170
204
233
196
180
201
204
200
246
195
193
200
210
227
182
206
211
193
202
252
229
226
191
197
212
214
225
203
243
198
205
208
234
215
224
219
231
221
209
217
222
225
213
232
215
218
214
238
241
240
220
231
249
238
237
234
245
237
227
246
230
228
233
242
236
236
241
249
248
240
243
242
253
252
244
248
250
245
250
254
247
254
251
258
251
256
253
256
255
257
257
258
-1
