139
141
252
214
184
156
150
141
209
136
159
200
145
130
149
232
189
131
164
187
166
152
155
157
184
183
140
198
156
225
199
157
190
162
226
131
204
160
178
210
205
161
139
209
165
234
177
134
146
246
143
136
213
186
142
194
181
135
130
166
151
188
151
179
163
148
137
173
138
191
168
186
174
212
185
196
147
175
181
180
154
176
167
173
206
133
144
158
154
171
194
183
144
231
138
137
134
132
208
203
238
142
193
190
163
135
147
248
152
193
146
148
236
220
178
246
161
223
218
162
195
204
132
197
145
176
203
165
140
133
232
170
153
169
191
150
222
149
168
153
182
180
143
195
172
179
212
155
205
174
188
222
167
158
200
159
239
239
160
171
164
187
169
219
202
170
177
175
251
208
172
235
185
207
189
214
197
223
192
192
182
217
201
210
237
253
217
230
196
224
241
207
198
227
225
202
216
220
199
211
201
234
206
215
211
231
245
219
233
229
213
221
221
242
215
216
218
224
243
233
227
228
229
237
228
226
240
241
243
230
242
244
247
236
235
254
238
240
251
250
255
244
245
247
249
250
254
248
249
252
253
256
257
255
257
256
258
258
-1
