165
207
152
150
214
144
212
184
208
143
136
165
244
230
132
167
207
202
158
168
155
141
185
147
153
164
157
255
189
198
211
179
172
224
149
156
130
182
135
150
184
159
203
134
193
179
166
140
163
170
138
148
199
194
137
221
241
147
137
157
194
188
161
174
159
144
143
133
131
134
183
149
155
177
142
166
193
171
130
146
233
208
181
131
136
209
167
241
228
175
142
196
221
216
151
168
242
227
172
210
152
176
188
139
187
163
215
180
135
132
151
156
206
145
162
218
139
148
196
190
169
197
161
182
213
141
140
133
162
146
173
154
224
138
187
192
205
164
145
200
176
174
153
192
173
154
204
197
181
214
191
160
190
180
219
158
191
175
178
160
169
216
204
201
171
178
183
170
212
185
195
243
199
211
219
205
177
202
223
235
186
189
200
186
201
210
239
209
217
236
237
195
198
217
218
225
244
222
203
220
228
235
213
234
206
234
232
215
240
252
230
223
232
229
226
225
220
238
229
222
250
226
231
227
233
243
237
236
242
256
231
239
253
238
250
240
248
251
248
247
246
246
245
245
247
249
251
249
254
253
257
252
254
255
256
257
258
258
-1
