158
143
147
219
142
134
180
192
164
140
186
141
197
134
206
132
250
149
225
174
144
196
145
239
159
130
162
143
183
181
186
135
194
148
231
165
218
210
175
131
184
146
230
236
229
160
179
154
146
198
159
151
172
177
139
155
155
168
150
180
138
214
178
173
189
170
133
144
183
185
158
153
176
196
133
162
140
202
152
157
169
132
161
147
211
130
179
191
216
170
227
167
156
189
156
161
164
151
193
152
243
174
204
142
153
166
188
150
181
222
169
211
141
136
139
223
200
136
184
137
227
138
214
205
135
190
171
204
137
131
198
163
245
187
228
208
173
157
220
148
247
208
145
154
212
195
163
149
160
223
171
182
205
202
188
172
177
165
201
167
242
190
166
185
168
237
195
175
187
176
209
193
212
197
178
182
203
233
209
207
199
233
218
200
191
219
238
192
220
199
194
237
203
217
207
210
216
213
201
213
215
232
238
246
228
206
215
251
217
252
236
231
224
221
221
244
232
224
230
222
225
226
226
251
235
234
244
229
239
241
234
235
257
245
240
242
240
250
253
241
247
254
243
257
246
249
248
248
249
253
252
255
255
254
256
256
258
258
-1
