226
146
137
158
163
187
152
133
159
159
190
144
191
203
172
195
149
157
177
153
199
130
185
138
203
132
224
132
190
157
184
210
205
134
152
146
168
140
215
165
135
162
175
207
179
170
167
223
151
154
212
233
183
141
170
205
243
136
161
140
191
147
142
185
164
131
194
133
155
249
153
130
143
182
155
150
202
162
225
151
161
142
238
201
235
156
163
148
166
134
178
177
167
160
196
250
233
147
137
200
139
176
143
204
135
229
160
184
180
136
145
156
186
131
150
182
158
188
141
201
180
166
248
144
216
209
148
149
171
138
168
145
181
196
139
169
244
231
173
175
165
219
178
164
251
213
209
194
195
197
154
237
192
216
236
204
174
202
174
193
179
181
188
173
183
186
172
169
171
245
232
197
187
176
218
246
206
214
192
189
193
235
200
198
228
189
199
211
206
222
219
211
198
227
213
210
221
220
208
226
214
207
234
217
215
212
217
208
232
239
218
240
221
222
238
240
223
224
220
237
228
225
246
227
230
230
254
229
239
234
231
236
242
241
243
252
242
244
241
245
249
258
247
251
253
248
247
255
250
253
257
252
254
255
256
256
257
258
-1
