136
170
144
183
224
209
144
243
186
142
180
202
140
174
207
211
165
215
138
184
219
206
130
156
235
171
162
255
152
137
172
169
198
147
212
148
160
149
143
184
146
191
201
152
194
170
206
134
133
150
166
150
177
233
151
173
172
185
155
204
252
145
216
163
149
177
173
220
157
164
197
153
223
241
158
224
156
167
141
135
187
218
196
195
192
133
131
145
213
151
240
166
132
175
138
147
168
179
142
214
231
132
221
237
134
221
137
162
155
157
143
159
195
196
181
136
146
225
131
158
178
182
175
141
154
139
130
225
194
198
140
179
148
171
135
185
139
188
228
208
223
167
160
238
169
193
236
202
159
182
201
153
183
154
168
164
189
165
161
163
161
209
253
200
190
176
178
233
187
244
217
240
174
176
186
197
180
181
188
229
193
200
235
227
199
205
192
189
190
191
199
217
207
230
211
203
243
213
222
208
231
204
203
218
205
210
212
210
214
215
230
222
242
228
216
219
239
249
251
220
241
227
226
226
248
232
234
250
229
239
236
232
238
234
237
249
244
245
242
246
254
246
245
251
247
247
248
256
257
250
256
252
253
254
255
257
258
258
-1
