131
144
132
181
140
213
188
177
142
137
208
216
150
194
188
151
156
152
240
246
223
217
180
233
171
237
175
165
169
154
139
193
159
135
224
174
141
136
195
172
154
155
181
214
170
214
179
147
166
198
215
130
168
150
173
198
161
178
153
178
203
177
163
202
160
133
196
153
184
164
133
147
130
134
182
166
224
201
132
247
179
142
183
196
144
139
216
243
187
167
232
158
209
171
143
176
186
161
236
149
134
138
146
151
185
160
205
207
140
149
135
189
190
157
143
174
173
239
138
145
170
172
156
137
141
249
192
131
145
148
136
155
218
230
162
146
186
211
218
148
159
182
158
201
184
152
200
222
185
162
226
165
157
199
164
209
168
206
194
183
207
176
163
175
167
189
169
225
191
187
191
199
180
231
190
240
204
200
197
233
223
212
205
221
193
228
203
195
248
192
220
234
242
204
241
197
245
215
211
221
210
202
208
219
206
227
213
217
212
210
230
220
219
245
236
226
227
228
222
244
225
246
235
234
237
229
239
229
231
252
232
255
241
242
235
238
257
238
250
243
256
244
249
251
248
252
247
250
253
253
251
255
254
254
257
256
258
258
-1
