131
199
213
149
151
160
158
230
188
169
221
191
133
160
222
156
155
173
137
195
147
167
189
250
252
165
145
168
136
219
200
234
226
141
135
144
187
146
134
180
192
152
135
179
169
195
234
154
177
149
175
130
162
179
131
176
187
222
139
174
206
177
180
181
196
198
182
210
142
136
190
150
153
186
161
166
132
134
161
153
139
132
216
225
140
156
152
185
163
184
143
172
231
204
150
162
143
194
183
230
197
186
236
164
157
181
144
164
138
141
157
130
138
146
205
178
182
140
148
211
175
145
148
133
142
174
198
208
151
137
167
209
203
166
193
225
155
197
200
147
154
207
178
158
206
176
215
171
213
184
232
163
224
170
212
159
217
159
188
251
190
170
165
173
207
212
241
168
194
171
192
172
183
205
257
185
201
218
204
196
239
201
189
211
193
246
247
240
221
191
237
202
208
217
202
228
199
214
203
238
215
220
218
219
216
229
226
210
209
228
224
232
214
223
231
243
227
220
244
237
236
235
223
233
251
227
233
239
229
244
241
235
243
242
245
238
249
240
250
247
242
255
245
246
249
248
254
248
253
253
252
254
255
256
256
257
258
258
-1
