226
149
194
130
200
136
143
206
207
169
158
161
225
186
180
131
165
173
195
152
164
176
139
137
185
157
167
166
244
184
242
196
192
140
182
156
201
220
243
211
183
132
210
133
208
172
186
130
135
137
170
136
190
210
161
188
177
148
146
141
223
159
198
248
141
145
187
140
144
143
162
174
222
138
179
134
213
169
183
158
146
176
144
145
131
147
192
160
191
155
133
142
203
234
135
138
139
150
185
178
216
160
155
179
151
180
134
200
199
184
191
189
150
151
153
162
181
178
172
163
205
152
233
156
157
163
147
132
166
174
142
148
153
212
219
177
168
171
165
154
171
149
236
203
218
168
195
243
175
154
188
167
202
208
159
175
164
202
212
193
209
231
193
190
170
198
232
204
197
173
227
181
231
196
182
227
220
187
213
224
204
218
199
216
223
209
189
252
221
217
194
211
233
201
217
229
197
206
205
222
230
224
230
219
241
207
215
237
215
239
238
214
229
214
225
239
250
241
251
228
221
237
234
256
226
242
228
240
247
232
235
244
247
252
235
236
238
240
246
245
258
246
245
253
253
249
248
249
250
251
254
255
254
256
255
257
257
258
-1
