6 0 2 0 0 2 0 0 0 7 14 0 0 0 22 0 1 0 2 11 5 6 0 1 4 1 13 0 0 6 0 0 1 0 1 6 5 6 0 1 0 1 1 24 23 1 3 2 0 3 0 4 0 3 13 0 0 0 0 3 2 10 7 0 2 0 5 6 1 0 4 4 0 0 15 8 0 0 6 7 0 9 6 10 1 9 0 1 11 3 11 0 0 2 10 4 2 10 0 4 4 1 0 3 5 14 4 5 4 5 1 0 0 1 0 0 0 2 1 0 1 2 3 1 0 2 4 0 40 0 0 0 0 6 8 0 5 2 2 1 0 2 1 0 0 0 16 0 8 14 0 5 0 1 12 7 1 0 3 0 0 0 0 3 21 1 0 0 1 4 0 8 5 0 0 4 2 0 10 0 1 7 10 1 6 4 1 8 0 0 4 0 2 14 10 2 0 8 7 0
9 5 1 1 1 1 0 0 1 3 3 0 0 0 14 1 2 4 0 22 25 4 3 0 3 1 2 1 5 1 0 0 1 0 2 0 7 1 4 9 1 1 1 2 3 0 11 0 1 6 0 21 1 3 12 2 10 3 0 1 0 1 0 0 1 0 2 6 0 11 0 0 1 0 3 2 0 1 11 5 1 18 4 18 1 2 1 0 0 0 3 0 10 3 32 4 0 9 3 8 1 20 0 14 0 23 0 10 5 10 0 6 4 2 0 0 0 2 0 0 5 3 4 5 3 6 4 0 6 8 14 0 0 4 3 0 6 0 5 12 1 1 11 1 0 0 20 0 7 12 0 2 2 0 24 5 0 1 0 10 1 1 10 11 12 0 7 0 18 4 1 7 1 34 11 1 1 0 5 0 0 24 42 1 3 3 4 30 1 6 4 2 6 3 7 1 0 11 13 2
2 0 3 18 0 2 0 0 14 0 0 0 0 0 6 0 0 0 0 8 0 2 2 1 1 13 4 0 1 19 0 6 0 0 2 1 1 2 7 0 5 0 0 16 1 0 1 1 0 4 0 1 0 12 0 0 4 3 3 13 0 1 0 2 0 0 5 16 13 1 0 0 2 0 4 2 0 0 12 3 0 14 7 12 0 10 0 0 6 3 0 0 21 3 5 0 9 19 0 3 4 1 1 3 10 10 1 10 7 4 0 5 9 2 6 1 0 7 2 1 0 4 0 0 0 5 2 0 7 3 16 0 0 11 0 0 3 7 7 7 0 5 7 1 1 1 6 0 7 2 1 2 11 1 0 7 2 1 1 11 0 0 4 19 0 0 1 0 2 6 0 3 1 11 2 0 4 0 0 0 0 1 27 2 1 10 0 1 0 6 1 0 1 4 10 1 1 21 2 6
7 0 31 8 0 11 0 1 12 5 24 0 0 0 9 1 0 0 1 3 6 2 0 2 2 0 3 0 9 5 1 0 1 0 0 4 2 1 0 2 4 0 3 3 0 0 3 4 0 6 0 4 0 4 2 15 4 4 0 3 2 0 2 0 0 2 0 6 1 6 0 1 1 0 3 0 0 0 0 3 1 6 2 5 6 2 0 2 0 0 0 0 6 10 0 8 0 3 0 0 4 0 0 15 2 7 3 2 4 12 0 5 1 0 0 0 2 0 0 0 4 24 6 6 2 7 1 1 3 0 10 0 0 9 19 0 7 2 9 1 0 1 3 0 1 0 1 0 0 0 0 6 1 0 10 2 0 2 6 0 0 3 6 0 4 0 5 0 0 19 1 14 3 8 0 2 0 1 6 0 1 3 1 1 5 2 4 0 1 3 2 0 5 7 4 0 0 4 24 5
0 0 0 0 0 0 1 0 4 3 3 0 0 0 2 4 0 0 1 14 13 4 0 1 13 0 0 0 6 2 0 0 4 0 0 0 2 12 4 3 0 0 0 12 3 0 0 0 0 1 0 6 0 0 3 1 5 0 0 8 0 0 7 0 1 1 7 2 3 2 0 0 0 1 5 17 0 1 0 1 0 4 7 21 0 9 1 3 12 2 14 1 15 16 3 13 5 2 20 1 15 3 0 0 19 13 2 5 7 0 0 2 11 3 3 2 0 6 0 1 1 3 3 2 2 1 3 0 35 8 0 0 0 10 1 0 6 6 4 2 0 8 0 0 0 0 6 0 0 3 0 4 8 0 8 3 0 2 0 2 0 0 10 2 4 0 1 1 3 1 1 1 0 2 3 7 3 0 18 1 0 0 0 10 0 4 9 2 0 3 8 0 0 12 9 0 0 12 19 15
13 4 5 3 1 1 0 0 22 26 4 0 0 0 6 1 0 0 0 0 4 6 0 0 3 0 10 0 0 6 1 0 8 0 0 1 9 0 5 0 4 1 0 1 5 0 1 2 0 2 0 5 1 0 0 8 1 1 1 20 0 7 9 1 0 1 5 6 2 4 0 0 3 1 0 4 0 0 4 0 0 3 0 25 0 5 0 3 6 0 2 0 1 6 2 2 8 23 3 4 2 2 1 4 2 2 3 0 0 1 0 14 14 3 7 0 3 1 0 0 0 14 1 1 1 1 0 0 8 1 0 0 4 1 3 0 6 5 14 7 0 19 7 0 1 0 0 1 3 5 0 2 5 0 2 22 0 1 19 8 2 2 2 0 3 1 2 0 1 4 1 1 11 8 0 4 0 0 3 3 0 3 11 8 1 3 1 16 0 5 8 0 1 2 3 2 0 9 1 1
0 0 0 3 0 5 0 1 4 4 4 0 0 0 0 0 0 1 3 2 4 7 0 0 12 6 25 0 1 6 0 1 15 0 4 7 17 17 8 6 2 0 0 8 14 2 1 8 0 0 0 3 3 2 2 0 15 5 0 5 0 11 2 0 0 0 7 6 0 32 0 6 7 0 4 13 0 0 3 1 0 1 7 10 1 12 0 3 3 7 12 2 12 0 5 16 3 8 9 0 3 1 0 11 1 3 4 8 4 8 2 1 3 7 2 0 0 2 0 0 0 6 5 4 5 11 4 2 17 8 4 0 1 6 14 2 3 2 5 1 0 0 11 0 0 0 0 0 5 6 1 3 1 3 19 17 0 0 9 9 1 0 1 2 1 0 0 0 14 0 2 4 4 0 3 6 0 0 3 0 0 3 4 5 0 0 5 12 0 0 4 3 2 5 6 1 1 4 14 3
2 0 17 3 1 1 0 0 24 6 6 0 2 0 10 3 0 0 2 0 5 10 0 1 15 0 10 0 4 8 0 1 5 0 7 2 30 0 0 3 5 0 0 7 9 1 2 1 0 24 0 1 4 6 28 1 1 1 0 4 0 0 1 0 2 0 7 6 3 8 0 1 0 0 11 5 0 0 0 0 2 2 0 5 0 3 0 0 12 3 6 0 20 4 20 1 0 0 0 4 5 5 2 9 0 1 9 0 14 1 0 8 6 3 7 1 0 5 0 0 0 0 8 6 0 2 6 1 8 2 5 5 0 2 5 0 13 5 0 9 1 10 5 0 0 3 0 0 0 2 0 7 0 0 1 14 1 0 0 2 0 0 16 9 12 0 5 1 24 2 0 3 5 0 3 7 0 0 0 1 2 20 2 3 0 1 0 24 0 0 0 0 0 2 8 0 0 2 2 5
0 1 6 0 1 1 0 0 6 4 3 0 0 0 0 1 0 2 4 0 1 14 0 0 8 0 11 0 0 9 0 2 3 1 2 0 18 1 1 1 2 0 1 1 3 0 3 5 0 4 1 2 6 8 4 0 0 3 0 8 0 10 12 0 1 1 21 10 2 9 3 4 1 2 12 8 0 0 0 8 0 0 5 14 0 1 0 0 2 9 4 1 26 5 1 9 4 0 3 0 12 1 0 1 0 13 3 4 2 1 0 1 7 0 0 0 2 3 0 0 0 16 0 9 3 2 13 0 7 2 14 0 0 2 13 1 0 2 2 10 0 11 12 1 5 0 8 0 0 0 1 1 0 0 0 1 0 0 1 0 0 2 22 5 14 0 0 1 0 3 3 7 3 6 15 2 0 1 7 0 0 14 43 6 12 3 1 4 0 4 2 0 2 2 0 0 0 17 1 6
0 10 2 4 0 2 8 0 5 9 0 0 0 0 6 3 0 0 1 6 26 8 0 1 9 12 3 0 0 6 0 0 4 1 3 14 1 0 6 2 3 0 0 1 1 0 0 9 0 2 1 10 1 1 0 5 8 7 0 14 2 2 0 1 0 0 1 0 1 13 0 3 0 0 0 13 0 0 6 1 0 4 3 16 0 2 1 5 20 1 6 0 2 4 1 13 2 2 0 9 3 8 0 1 0 13 1 3 5 11 0 5 8 10 0 0 3 1 0 0 0 10 3 3 3 14 0 0 2 3 19 0 0 5 3 8 8 2 0 1 0 6 7 0 1 0 2 1 4 23 0 0 13 0 0 4 1 0 12 0 2 0 3 13 0 0 0 0 0 11 0 2 0 3 12 5 0 0 0 0 0 2 4 13 3 1 2 7 0 3 3 0 0 0 4 0 0 1 6 1
0 3 1 12 0 5 0 0 2 2 3 0 0 0 6 3 1 1 0 6 20 7 0 6 7 0 0 0 2 4 1 1 5 0 0 11 0 4 19 0 8 0 0 23 3 1 1 5 0 3 0 0 0 22 10 5 0 0 0 2 0 10 1 1 1 0 0 2 3 1 1 5 0 4 0 4 0 0 24 0 1 1 0 6 2 7 0 6 15 7 1 0 1 2 1 0 0 2 18 4 1 6 0 2 7 6 11 5 6 7 0 11 1 1 2 2 0 0 0 0 4 2 5 8 5 2 1 1 1 1 14 0 1 6 12 0 3 1 6 3 2 1 2 1 0 4 0 0 30 2 0 9 2 0 6 8 2 1 3 2 0 1 1 0 2 0 7 0 4 3 0 5 14 5 22 1 0 0 1 0 0 3 11 4 4 3 3 11 0 3 0 0 0 0 26 0 2 0 3 10
0 2 1 4 1 16 0 0 1 2 0 0 1 0 4 6 1 0 0 19 2 1 0 0 12 4 1 0 6 10 0 0 0 0 0 2 0 0 3 2 0 0 0 3 0 0 8 2 0 0 1 13 1 7 1 5 0 9 0 0 2 3 13 1 1 2 0 1 15 1 1 3 1 0 8 4 2 1 9 0 0 5 1 6 0 27 1 0 10 2 2 0 4 2 9 5 6 2 0 1 0 14 0 2 4 2 0 4 1 14 1 2 13 3 5 1 0 5 0 0 0 18 1 2 2 8 0 0 1 0 14 2 0 2 3 0 2 0 6 3 0 9 24 1 0 1 1 0 6 7 0 5 0 1 10 1 0 0 9 14 0 0 1 7 9 0 1 0 9 5 0 11 17 4 0 1 0 1 1 1 0 0 2 0 3 1 0 14 0 8 0 0 5 0 0 0 0 1 19 9
1 1 1 5 0 0 0 0 11 4 0 0 0 0 39 3 0 2 2 12 19 6 0 0 10 1 2 0 8 4 0 0 1 3 2 1 6 2 0 0 1 0 0 10 4 0 3 1 0 0 1 10 1 10 1 3 1 0 0 12 0 6 5 3 0 1 0 2 2 10 1 0 1 0 0 5 0 0 12 3 1 1 11 7 0 10 0 5 4 15 3 3 0 0 2 8 1 5 3 1 0 7 0 9 1 5 8 1 1 20 2 0 42 12 5 0 1 0 1 0 0 6 0 1 9 0 0 0 3 21 0 0 0 1 10 2 7 9 4 1 1 6 1 0 1 1 1 0 5 0 0 2 8 0 6 0 0 0 1 0 0 1 14 2 16 1 1 4 0 1 2 7 7 3 4 3 0 0 3 0 1 6 7 10 2 8 0 8 0 1 12 2 8 13 5 0 0 6 6 5
0 8 3 1 0 0 0 0 19 10 0 1 0 0 5 14 0 0 10 5 22 5 0 1 4 3 0 0 8 6 0 0 13 0 0 5 9 0 2 2 0 0 0 4 10 0 0 4 0 0 0 9 0 17 2 3 0 2 3 11 0 1 9 0 2 0 0 4 0 13 0 0 12 0 12 24 0 0 6 2 0 11 0 21 0 9 1 7 17 0 4 0 4 0 9 0 4 2 7 2 0 0 0 14 1 15 0 12 0 6 2 7 3 1 0 0 2 0 0 1 2 4 0 1 6 6 11 0 2 3 12 3 1 7 5 0 1 2 4 10 0 7 4 0 0 0 7 0 16 0 0 9 7 0 1 3 0 0 3 3 1 0 5 1 13 4 2 1 12 2 0 1 32 0 7 0 0 0 1 1 0 12 7 0 0 8 4 8 5 9 3 0 2 0 11 0 0 4 11 2
1 0 4 0 0 2 0 0 8 6 20 0 0 0 23 4 0 0 14 21 23 20 0 0 0 0 5 0 1 24 1 0 3 0 1 2 15 0 10 5 6 0 0 10 0 0 3 3 0 2 0 10 0 3 2 7 12 0 0 0 0 3 5 0 0 0 2 20 0 7 2 12 0 0 0 4 0 0 3 1 0 2 9 0 0 2 1 3 17 6 4 1 41 3 1 11 14 7 2 1 2 19 1 2 4 10 2 0 0 1 0 17 2 5 0 1 1 5 1 0 0 6 5 3 1 0 0 1 10 7 9 0 0 1 0 0 28 4 1 5 0 5 7 1 1 0 4 1 33 5 0 8 0 1 11 3 0 0 1 6 0 0 16 1 2 1 1 2 23 0 0 1 24 18 1 37 1 0 0 0 0 8 2 1 2 4 2 37 0 0 5 0 0 6 0 0 0 19 6 9
3 11 8 4 0 2 3 0 16 8 13 1 0 0 2 2 1 0 0 9 1 0 0 0 15 7 0 1 8 7 0 0 2 1 0 9 0 1 3 4 0 0 0 4 19 0 1 3 0 10 0 13 0 8 40 1 5 10 0 5 1 1 1 1 0 0 7 4 0 1 0 3 2 0 5 5 4 0 0 1 1 17 3 12 0 0 1 11 47 12 5 1 10 2 3 5 0 7 5 4 14 2 0 4 3 6 1 0 12 4 0 8 0 0 2 0 0 0 1 0 0 5 4 1 4 2 8 2 18 1 2 4 0 0 2 0 21 2 0 4 0 7 0 0 0 1 1 2 0 2 2 2 5 1 8 1 0 1 2 3 0 0 16 0 12 0 1 0 1 1 1 3 6 10 2 0 0 0 5 0 0 1 14 1 17 2 0 32 0 3 9 0 9 9 0 0 2 1 7 0
3 3 11 2 0 6 3 1 2 7 3 0 0 0 0 8 0 0 6 2 15 6 1 0 3 4 0 0 23 4 0 0 0 2 2 1 8 2 4 3 3 0 2 7 3 1 2 3 1 3 0 2 0 0 30 5 33 3 1 14 1 11 12 0 2 4 2 12 5 10 0 3 0 0 1 2 0 0 1 0 0 1 3 1 0 1 1 0 38 2 6 0 3 2 2 0 0 1 35 2 3 14 0 21 0 3 5 0 4 6 0 13 7 6 1 0 0 2 0 0 1 0 21 11 3 1 0 0 13 0 10 0 0 0 9 0 23 0 1 2 0 6 11 0 1 0 0 0 0 0 0 8 1 1 2 1 0 0 15 4 1 0 6 13 1 0 2 0 5 1 2 3 6 6 5 1 7 0 2 0 2 2 6 16 1 11 0 10 0 5 7 2 8 6 11 0 0 2 6 9
8 10 23 11 0 3 0 0 4 0 2 2 0 0 13 0 0 1 1 8 21 9 0 0 16 9 20 0 0 8 0 0 2 0 23 4 0 1 4 1 2 0 0 3 11 3 1 0 0 7 0 1 2 3 6 0 5 3 1 9 0 3 2 0 0 1 1 1 2 13 0 0 1 0 1 1 2 0 29 0 0 4 0 16 2 20 0 4 10 0 8 0 12 4 7 1 0 1 15 4 2 8 0 3 0 22 1 9 12 30 0 1 6 0 8 0 0 6 0 0 1 14 4 9 7 4 7 0 2 8 1 1 1 1 1 0 23 4 2 13 1 0 8 0 0 0 1 0 7 0 0 9 0 0 1 2 1 0 11 2 1 0 14 3 9 0 0 0 2 1 0 1 9 4 2 11 0 1 0 0 0 22 4 4 1 1 2 4 0 11 13 1 1 1 15 0 0 31 3 1
2 8 6 2 0 6 0 1 6 0 4 1 1 1 5 9 0 0 2 3 3 15 0 1 11 6 15 0 5 6 0 0 1 2 9 9 0 14 0 6 7 0 0 15 1 1 9 5 0 13 0 3 0 4 8 1 4 4 3 8 0 0 0 0 0 0 7 7 7 0 0 10 1 1 23 2 0 0 1 0 0 8 11 1 0 2 0 7 2 8 18 1 0 1 1 15 1 4 0 1 0 2 0 7 0 2 3 0 4 5 2 0 11 1 0 1 2 11 2 3 0 7 0 1 8 2 1 0 2 2 2 0 5 0 8 0 0 3 2 3 1 3 13 2 1 1 4 0 0 0 0 8 1 5 1 5 0 0 11 10 3 0 12 8 0 0 3 0 0 4 0 7 24 4 7 1 0 0 1 0 0 3 4 2 25 0 0 12 0 7 6 0 21 3 3 2 0 14 23 2
14 1 2 9 0 2 0 0 30 13 1 0 3 1 17 0 0 0 0 10 5 9 0 3 13 10 0 0 11 16 0 0 1 0 3 1 5 1 9 2 7 0 0 5 2 0 1 0 2 0 0 5 0 7 9 0 6 7 0 3 0 5 0 1 1 2 1 1 1 15 0 1 1 0 2 3 1 0 16 4 0 2 21 0 0 4 2 7 3 4 5 1 11 10 4 17 4 3 14 2 6 4 2 2 1 12 3 1 20 4 0 2 16 6 6 0 1 1 1 0 0 31 0 6 3 5 4 0 8 3 4 2 0 8 4 0 15 1 24 9 0 1 9 0 0 1 1 0 3 2 0 14 3 0 4 4 0 0 6 0 0 0 3 2 14 0 5 0 4 7 0 0 3 17 3 11 6 0 8 0 1 11 0 2 3 2 14 2 0 0 0 1 0 7 6 0 0 10 8 2
5 5 13 10 0 7 0 0 8 23 2 2 0 0 30 1 0 0 0 0 1 13 0 0 10 0 6 1 4 5 1 0 1 0 0 4 4 5 3 2 7 1 0 10 0 1 2 3 0 1 0 22 2 4 6 3 11 0 2 1 2 0 1 2 1 0 5 25 4 0 0 19 0 1 9 19 0 0 0 7 1 27 5 23 1 0 0 1 27 12 0 0 3 0 4 5 11 0 3 2 1 0 1 3 5 1 1 1 18 11 1 7 6 3 4 0 0 4 0 0 1 0 10 23 1 1 1 0 2 10 0 0 0 0 8 1 10 23 1 13 1 0 8 0 0 0 8 0 23 2 0 3 13 0 10 2 2 0 4 0 0 0 9 0 37 1 4 0 15 5 0 11 15 4 10 3 0 1 11 1 0 10 12 10 2 0 0 10 0 1 14 1 2 1 22 0 1 5 1 15
8 1 1 6 0 1 0 0 29 12 1 1 0 0 3 3 0 1 8 15 5 2 2 0 16 2 4 2 12 3 1 0 10 0 1 3 13 0 2 2 2 0 0 16 8 2 4 4 0 23 0 2 0 2 0 4 0 2 4 8 0 2 4 0 0 0 0 7 8 5 0 1 7 0 5 4 0 1 13 9 0 1 2 1 1 0 0 1 11 5 22 0 0 1 0 0 1 0 8 11 2 4 0 0 0 28 3 10 4 1 0 2 12 8 4 1 0 2 0 0 0 2 0 1 4 0 4 2 5 16 7 0 0 5 16 0 1 2 6 9 0 3 17 0 0 1 7 0 17 0 0 2 9 0 26 5 1 0 2 3 0 0 11 3 1 0 2 0 9 1 1 10 4 5 0 4 0 0 20 0 0 2 8 9 6 4 4 15 0 3 13 0 1 1 7 0 0 0 6 3
11 1 1 0 1 1 1 1 9 4 2 0 0 1 1 22 0 0 5 4 10 7 2 2 4 16 0 2 2 9 1 0 5 0 2 4 1 5 2 2 8 0 2 13 24 0 8 1 0 8 0 11 0 4 20 10 3 3 1 4 1 3 7 0 0 0 0 15 0 11 0 2 0 1 8 3 0 0 1 9 0 13 1 0 0 0 0 8 1 5 3 0 13 3 0 0 5 26 1 1 15 14 0 9 1 3 2 1 1 3 1 6 0 1 1 0 0 0 2 0 0 9 0 3 0 6 1 0 17 4 0 0 1 0 7 0 13 0 1 32 0 12 7 0 0 0 4 0 2 2 0 13 0 0 16 2 3 1 3 2 0 1 0 0 0 0 0 0 7 2 0 2 4 4 15 2 2 0 0 0 0 2 3 11 2 19 2 5 0 3 4 0 0 8 1 0 0 0 2 3
1 2 2 5 0 7 0 0 0 7 21 0 0 0 0 1 2 0 1 1 1 6 0 0 3 6 25 0 0 3 0 1 6 1 0 1 13 15 1 3 15 1 0 2 2 2 2 4 0 1 0 9 0 1 8 6 0 8 0 7 0 2 0 0 0 0 0 1 2 4 0 0 1 0 1 1 0 0 7 0 0 9 4 5 0 2 1 5 0 15 3 0 6 1 2 8 4 0 28 7 2 14 0 0 0 8 4 0 4 10 1 0 4 0 8 0 0 10 0 0 1 2 0 9 4 7 18 0 1 0 19 0 2 9 4 0 4 0 0 5 2 0 2 1 1 1 2 0 1 0 0 2 6 1 2 1 0 3 6 1 0 0 0 4 1 0 0 0 6 10 0 2 8 0 6 6 0 0 3 0 0 15 2 5 2 14 1 15 0 4 1 1 1 6 25 0 0 17 8 0
3 9 2 3 0 0 1 0 3 0 15 0 0 0 24 2 0 0 2 4 0 2 0 0 1 2 4 0 4 5 0 0 4 0 12 1 3 16 2 6 0 1 0 12 0 0 17 4 2 3 2 9 4 0 3 8 0 3 1 1 0 20 0 3 0 3 3 10 6 8 1 0 0 1 4 14 1 0 9 3 1 20 2 5 0 8 3 5 4 3 0 0 2 11 4 4 8 2 6 8 1 14 1 17 9 1 18 2 20 16 0 8 7 12 18 0 0 6 1 0 1 1 2 12 4 1 0 0 11 3 6 0 0 5 19 2 1 0 0 0 1 8 3 0 0 2 1 0 2 1 0 4 0 0 15 3 1 0 7 14 1 0 25 0 12 0 6 1 0 7 0 11 12 14 7 1 0 0 4 2 0 4 8 0 9 3 12 6 1 1 13 0 15 1 7 0 0 12 7 2
0 4 8 6 0 4 0 0 16 8 1 1 0 0 5 2 0 1 1 6 3 14 0 0 9 2 11 0 2 0 0 2 0 0 4 0 23 0 5 2 0 0 0 8 1 0 2 0 1 8 0 4 0 5 7 3 25 1 0 0 0 12 3 0 0 0 6 2 5 14 0 27 0 0 6 2 1 1 0 5 0 4 18 13 0 2 2 2 0 1 7 0 21 1 2 6 3 5 7 4 3 8 0 5 5 22 4 2 0 1 0 0 19 1 3 4 1 9 0 0 1 33 1 0 0 0 20 0 8 2 0 1 0 2 0 0 7 12 3 9 1 11 0 0 0 0 2 0 0 2 0 4 15 1 1 2 2 1 2 0 0 1 7 2 6 0 0 0 8 7 1 5 18 21 10 2 12 0 4 0 0 0 5 7 4 0 8 8 1 10 0 1 2 1 0 0 0 27 12 1
6 4 1 5 0 11 0 3 8 3 2 0 0 0 9 7 0 0 2 1 0 0 0 4 8 0 13 0 0 0 0 0 1 0 7 10 5 13 1 0 0 0 0 1 21 0 0 13 2 0 1 17 0 1 5 5 0 1 1 4 0 2 1 0 0 3 3 0 5 30 2 4 0 0 0 7 0 0 14 9 0 4 0 31 0 6 0 2 2 3 1 0 16 11 2 0 4 16 36 3 4 12 0 13 2 0 4 9 6 0 0 0 9 5 9 0 0 2 0 0 0 8 1 2 0 1 1 0 0 3 4 0 0 5 5 2 4 4 1 18 0 1 24 1 0 0 2 0 0 0 0 7 26 0 24 0 0 0 2 4 0 0 2 9 2 0 1 0 1 8 0 0 2 2 1 2 0 1 3 1 0 4 1 0 0 4 0 3 0 2 6 0 4 0 1 0 1 6 17 23
9 23 1 5 0 0 0 0 0 6 6 0 1 0 6 23 0 0 0 1 6 9 2 0 11 1 9 0 6 3 0 0 5 0 4 2 22 5 6 4 0 0 0 0 3 1 3 1 2 6 0 2 2 0 36 17 5 1 3 6 0 2 0 0 1 2 1 3 6 1 1 2 4 2 0 0 3 1 3 8 0 1 0 5 0 0 0 2 9 4 7 0 11 0 1 3 2 46 1 3 3 29 0 9 0 1 8 4 0 2 0 0 10 3 3 0 1 3 0 0 0 22 3 0 8 2 6 12 21 5 35 1 0 1 5 0 1 2 7 9 0 13 16 0 0 1 2 0 1 10 2 7 11 0 2 0 0 0 1 1 0 0 10 2 7 0 2 0 1 8 0 1 22 17 2 1 0 1 0 0 0 3 11 2 1 4 9 16 1 0 2 3 2 0 9 0 0 2 15 3
0 0 23 3 1 1 0 0 4 5 2 0 0 1 1 0 0 0 2 1 8 7 0 2 9 0 7 0 1 24 1 0 1 0 2 8 5 1 14 1 4 0 0 3 3 1 4 0 0 1 0 0 0 5 0 5 2 2 5 21 3 11 1 2 1 1 8 7 0 6 0 2 4 0 2 3 0 2 2 10 0 9 3 2 0 2 0 6 21 6 14 0 10 0 5 0 3 1 0 13 1 1 0 2 1 5 1 1 2 1 0 5 2 3 1 1 0 3 0 0 0 4 2 3 0 1 4 0 14 29 0 1 0 1 7 0 8 3 22 0 0 1 26 0 0 2 14 2 2 11 1 0 4 5 0 1 0 2 2 7 0 0 16 5 33 1 0 0 10 1 0 3 13 11 3 3 0 0 4 0 0 19 4 0 14 6 0 7 1 0 0 1 4 2 12 0 0 18 4 7
2 1 9 2 2 4 0 0 6 2 4 0 0 0 1 0 0 0 0 13 18 5 0 0 8 2 14 0 1 1 0 0 8 0 9 1 4 8 5 3 6 0 0 12 0 3 0 8 0 3 2 22 0 2 18 0 19 0 0 5 0 15 4 1 0 0 0 7 17 27 2 4 1 0 2 2 0 0 4 9 0 7 4 7 1 1 0 0 9 0 9 0 25 9 1 0 5 0 13 2 2 5 1 11 0 9 0 5 19 0 1 1 26 2 1 0 0 0 0 0 0 3 0 12 0 2 7 0 1 2 0 0 0 0 6 2 43 1 0 2 0 20 8 0 4 0 5 0 8 0 0 4 6 0 7 0 0 1 1 9 0 1 31 1 2 0 9 0 2 1 1 1 10 7 0 0 0 1 1 2 0 10 1 2 6 1 4 2 1 3 13 1 7 8 8 0 0 2 12 9
0 1 5 6 1 1 0 1 10 30 5 0 0 0 6 14 0 0 8 0 0 1 0 0 1 0 15 0 1 10 0 0 0 0 5 5 4 1 14 4 0 1 1 9 0 1 0 0 0 2 0 2 0 18 13 0 3 7 5 5 0 13 2 2 0 2 3 10 5 10 0 5 0 1 9 4 0 1 10 1 2 2 0 4 1 4 0 2 10 3 9 3 2 2 7 4 12 3 22 0 12 27 0 2 9 22 0 8 0 28 0 1 1 0 1 1 0 4 1 0 1 6 8 0 4 1 3 0 17 4 14 2 0 3 4 0 0 0 1 2 1 1 0 0 1 0 6 0 5 3 0 10 5 1 2 1 0 0 5 0 3 0 1 0 3 0 25 2 3 1 1 3 2 4 6 2 28 0 6 0 0 8 29 1 1 0 6 0 0 19 12 0 6 3 0 1 0 4 8 1
2 11 8 12 0 3 0 0 18 34 12 0 0 0 8 3 0 0 4 6 1 1 0 0 1 2 3 0 11 5 0 1 6 0 5 8 11 2 4 1 5 0 1 11 2 0 0 12 0 11 2 1 0 13 6 8 0 1 0 10 0 2 13 1 8 1 0 35 0 0 0 5 10 0 4 8 0 0 4 1 0 6 0 0 0 4 1 2 9 1 1 0 15 3 0 6 0 4 21 4 6 26 1 7 0 0 0 2 4 25 1 2 0 3 11 1 0 6 0 1 1 16 0 15 1 0 3 0 29 11 0 0 1 6 8 0 2 0 0 0 0 2 1 0 0 1 0 0 6 24 0 1 13 1 6 5 0 0 6 5 0 3 3 0 1 0 2 0 6 3 1 1 8 0 1 8 2 0 4 1 1 14 5 0 17 2 0 6 1 1 1 0 4 0 5 0 0 13 9 1
2 1 0 11 0 1 0 0 15 7 2 0 0 0 9 7 0 0 17 32 0 8 0 1 5 11 1 0 1 10 0 0 6 0 6 13 1 4 4 0 0 3 0 26 0 2 0 6 0 3 1 3 0 1 2 9 3 6 0 1 0 8 0 1 1 0 1 5 12 4 0 0 2 0 4 27 0 0 2 10 0 4 0 13 0 3 1 3 0 12 6 0 9 3 0 0 0 2 0 1 0 8 0 3 0 0 0 0 0 8 2 10 8 2 8 0 0 11 0 0 0 21 2 0 8 2 20 2 9 1 9 1 0 4 20 1 1 5 2 11 3 32 0 0 0 0 3 0 5 16 2 8 1 1 4 7 1 1 0 3 0 0 3 6 0 0 5 0 14 0 0 5 11 14 8 1 3 0 0 0 0 19 7 0 1 11 6 4 0 0 0 1 2 19 0 0 0 3 10 1
6 5 6 5 0 2 0 0 8 20 26 0 0 0 9 3 0 4 2 0 5 7 1 0 0 0 0 2 8 1 1 0 4 1 2 1 1 2 1 3 1 0 1 4 12 0 21 4 0 15 0 3 0 1 29 19 9 12 0 5 1 0 1 0 0 1 6 17 10 0 1 5 2 0 3 2 0 0 21 4 0 3 6 2 0 4 1 2 18 4 2 0 4 5 3 0 5 2 0 0 6 2 1 5 5 1 6 0 3 12 0 8 5 6 0 0 0 0 0 1 0 7 1 6 1 7 4 0 18 1 7 0 3 3 3 0 12 11 1 10 0 13 3 1 0 0 1 0 2 3 0 2 6 0 12 6 0 0 6 0 0 1 0 2 10 0 11 1 24 1 0 4 8 0 2 4 2 0 0 0 0 7 2 2 2 3 1 0 0 0 9 0 3 0 13 0 1 6 12 5
1 7 12 2 1 3 0 0 35 0 5 0 0 0 13 4 0 2 4 0 3 4 0 1 0 11 6 0 0 31 0 0 2 0 1 5 9 0 8 27 2 1 1 10 0 0 9 2 0 0 0 1 0 1 2 0 0 3 0 7 2 3 4 2 0 0 8 6 3 29 0 5 0 1 0 9 1 0 5 2 0 8 3 13 5 9 0 0 16 7 11 0 17 1 0 8 0 2 11 1 7 5 0 8 2 0 3 2 3 4 0 0 2 1 1 0 0 6 0 0 0 6 0 0 4 3 7 0 20 17 2 0 1 7 0 1 54 1 0 22 16 1 14 0 1 0 2 0 2 20 0 1 1 0 6 4 2 0 2 6 0 0 11 2 4 0 2 1 4 3 0 6 4 18 3 4 1 1 5 0 1 2 2 0 5 1 5 2 1 1 5 0 1 3 5 0 0 15 11 0
0 10 0 2 0 6 0 1 20 6 25 1 0 0 6 0 0 0 1 4 0 29 0 0 12 1 0 1 9 9 1 0 5 0 1 1 12 3 5 2 3 0 0 4 1 0 2 14 0 5 1 10 1 0 12 2 9 3 1 9 0 1 12 1 0 1 2 4 0 18 0 4 8 1 0 9 0 0 0 1 0 18 1 1 0 0 1 3 1 26 1 0 12 4 4 0 8 0 6 4 0 5 1 2 0 4 1 6 5 15 0 7 1 0 4 0 1 4 0 0 1 20 1 7 4 0 6 0 2 2 11 0 0 1 1 0 1 8 2 1 1 1 4 0 0 1 5 0 8 2 0 1 0 0 5 1 0 0 9 1 0 0 6 3 1 0 0 2 35 5 1 3 2 23 0 3 0 0 3 0 0 5 4 0 2 0 6 0 0 1 2 0 3 4 8 0 0 5 4 2
0 0 1 0 2 0 1 1 4 1 0 0 0 0 5 8 1 0 2 3 3 0 1 0 13 4 2 0 1 6 1 0 7 1 1 2 16 17 0 3 0 0 0 4 0 0 5 10 0 2 0 3 0 11 19 15 18 6 0 3 0 13 0 1 1 0 0 14 8 2 0 0 5 0 2 17 3 1 1 5 0 6 1 23 0 7 0 2 0 0 0 0 5 3 7 0 0 1 7 2 0 1 0 23 0 14 2 12 0 14 0 0 3 0 1 0 0 5 0 1 0 0 5 4 0 2 0 0 0 4 22 1 0 0 4 0 12 3 2 1 0 1 3 1 0 0 7 0 3 16 0 2 0 0 25 2 1 1 1 1 0 0 4 11 5 0 3 0 0 5 0 3 6 1 4 2 2 0 1 0 0 12 11 0 1 2 23 1 1 6 9 0 0 6 10 0 1 1 0 4
5 2 16 3 0 1 0 0 1 11 8 1 0 0 1 0 0 0 1 10 9 15 0 13 7 2 2 1 4 5 0 1 1 3 10 6 12 0 7 7 1 1 0 2 3 0 1 4 0 2 1 0 2 1 6 11 1 5 0 17 0 1 1 0 0 3 6 2 10 3 2 4 0 0 11 3 0 1 4 0 0 1 9 12 0 4 0 12 1 2 4 0 6 1 1 2 5 4 5 4 1 1 1 7 0 10 1 3 6 11 0 10 9 7 0 0 0 2 0 0 0 0 2 5 6 1 0 2 1 7 6 0 1 11 0 2 3 15 1 0 2 11 15 0 1 0 0 0 0 0 0 0 2 0 12 2 0 0 0 3 0 3 2 6 10 0 1 1 13 13 0 3 9 10 1 1 0 0 9 1 1 3 7 2 8 1 6 5 0 4 9 0 0 6 4 0 0 18 20 2
7 1 0 3 0 0 0 5 5 6 14 0 0 1 15 0 0 0 0 12 6 12 0 1 34 20 9 0 17 3 0 0 10 0 0 10 4 2 0 0 0 0 0 49 0 0 5 0 0 0 1 11 0 8 7 4 9 3 1 8 1 28 9 0 0 1 2 5 1 9 1 1 1 0 5 7 1 0 18 4 0 14 1 3 1 0 0 5 0 16 5 0 5 8 1 0 1 1 15 4 1 4 0 2 1 2 11 13 7 1 0 0 11 4 1 0 0 0 0 0 0 6 15 9 7 2 22 0 3 2 3 1 0 5 0 0 24 1 0 13 0 9 5 0 0 0 5 0 10 0 0 1 1 0 1 3 0 0 2 3 3 0 9 2 10 0 1 0 11 6 0 4 24 0 0 7 0 0 6 4 1 10 2 2 1 3 0 11 1 3 35 2 4 0 1 0 0 27 0 4
0 3 0 4 1 0 1 0 3 6 9 0 1 0 9 9 0 0 1 3 0 16 0 0 7 10 2 0 0 0 0 1 2 0 5 1 7 1 3 7 0 1 0 4 9 0 2 3 0 2 0 5 1 10 7 0 3 16 1 0 0 6 1 0 0 7 14 4 0 6 0 3 0 0 2 4 0 0 0 3 0 4 1 0 2 3 1 4 6 8 4 0 5 4 3 4 2 2 3 7 1 2 0 4 0 6 2 3 0 5 0 0 9 2 1 0 0 9 0 0 1 15 1 3 0 1 11 1 4 0 13 1 0 4 38 0 9 11 3 7 0 18 44 0 0 0 4 0 13 0 0 3 2 0 2 16 0 1 8 11 0 0 6 12 6 0 4 0 2 7 0 2 0 11 6 6 0 0 1 2 1 7 0 1 2 15 1 6 0 9 1 0 4 6 0 1 1 10 1 1
0 9 5 15 1 1 1 0 5 12 11 0 0 2 17 9 0 0 0 3 7 4 0 0 3 2 2 0 3 36 0 0 0 0 0 4 0 3 1 0 5 0 0 2 1 0 24 18 1 1 1 3 1 0 5 2 5 14 0 7 0 2 24 0 1 2 5 5 5 0 1 3 1 0 0 1 0 0 4 0 0 10 0 3 0 0 0 0 4 4 0 0 15 1 17 3 4 0 11 0 4 0 0 1 2 0 2 1 2 27 0 9 12 0 34 0 0 0 0 0 1 1 6 2 16 3 4 0 12 2 23 0 1 1 7 0 5 8 5 0 0 4 13 0 0 0 6 0 2 9 0 3 15 1 5 2 0 1 2 2 0 2 5 3 5 0 6 3 0 3 0 4 0 3 0 3 2 0 1 0 0 6 8 2 4 2 0 8 2 6 21 1 1 2 4 3 0 23 14 8
20 1 3 6 2 7 0 2 28 2 0 0 0 3 2 4 0 0 3 6 3 4 0 4 0 0 7 1 1 11 0 0 6 0 4 6 9 8 2 0 5 0 1 5 1 5 11 4 1 1 0 4 0 8 4 2 11 0 1 8 1 11 2 0 0 2 1 13 0 0 0 0 1 0 0 21 0 0 1 1 0 0 3 3 3 4 0 1 7 6 4 0 5 8 0 5 2 14 8 0 2 4 0 3 0 16 1 5 2 1 0 4 0 0 0 0 0 4 0 0 2 3 0 4 5 2 26 0 22 0 15 1 0 0 6 1 19 0 16 5 0 12 3 0 0 0 22 1 3 0 0 5 8 2 0 3 0 0 8 2 3 2 0 1 9 2 1 0 10 6 0 5 2 1 2 3 0 0 1 0 0 2 3 6 7 1 8 7 0 1 7 0 0 3 4 0 0 9 6 1
18 1 3 4 0 10 0 1 15 14 15 0 0 0 11 7 0 0 0 9 2 2 0 0 13 0 5 0 11 1 0 0 1 2 1 4 7 3 4 0 1 0 0 12 11 0 0 6 0 0 0 5 0 1 4 13 17 22 1 4 0 9 0 0 0 0 0 3 0 19 0 2 8 2 3 2 0 0 10 2 0 19 1 0 1 4 0 6 2 5 9 0 4 1 1 3 0 6 5 10 2 0 0 7 8 1 6 8 8 13 1 1 1 3 2 0 0 5 0 0 0 6 1 4 0 1 1 0 3 3 2 0 0 3 13 0 6 5 1 3 1 4 3 0 0 1 5 1 3 2 0 1 0 0 3 0 1 1 17 2 0 0 6 0 2 0 3 0 12 6 0 2 6 12 0 1 3 0 3 3 1 6 13 0 5 1 2 7 2 4 2 0 17 2 13 1 0 3 8 0
1 1 8 4 0 31 0 0 1 12 0 0 0 0 3 0 0 0 2 3 6 10 0 0 5 0 1 0 4 1 0 1 3 1 1 3 10 8 0 6 3 2 1 7 4 0 6 11 0 1 0 2 0 5 2 0 2 1 1 33 0 1 0 4 0 0 2 7 15 1 1 3 0 0 0 12 0 1 0 0 0 25 2 8 1 0 2 0 7 17 1 0 20 14 0 9 1 5 2 8 3 17 0 20 4 2 13 2 2 3 0 3 11 3 2 0 1 3 0 0 0 13 3 0 6 2 5 0 4 0 1 0 0 15 2 0 8 1 1 1 0 0 5 1 0 1 1 0 14 7 1 0 1 0 5 6 0 2 2 1 0 0 8 0 5 1 1 0 21 3 1 1 2 15 18 3 0 1 4 1 0 12 0 5 4 0 1 22 0 0 2 1 1 1 8 3 1 5 8 0
0 5 6 1 0 9 1 0 6 16 0 1 1 0 6 7 0 0 11 8 0 1 2 0 9 1 4 0 6 31 1 0 2 0 10 4 18 2 5 3 2 0 1 0 3 0 0 5 0 4 1 4 0 5 1 7 16 3 0 0 2 2 2 1 2 0 5 21 18 3 1 11 0 0 1 16 4 0 4 1 1 15 1 2 0 4 0 5 11 12 7 0 3 1 14 1 6 2 18 1 1 10 0 16 8 7 9 5 5 3 0 0 10 0 24 0 1 8 0 2 1 2 4 2 0 6 15 0 1 3 15 0 0 1 6 1 23 2 2 35 1 3 0 0 0 0 5 0 15 18 2 4 3 0 4 1 0 0 0 0 1 0 3 5 0 0 0 0 11 1 0 1 0 0 2 7 4 1 0 0 0 20 12 6 1 6 0 16 0 18 1 0 0 8 3 0 1 5 14 0
0 0 0 1 1 8 1 1 5 8 7 2 0 1 17 10 1 0 0 9 1 2 1 0 2 4 10 0 12 6 1 2 10 0 5 10 0 1 1 8 11 0 0 9 0 0 6 2 0 0 0 10 0 2 1 1 8 7 0 49 0 2 0 1 0 0 7 16 13 16 0 3 1 3 2 6 0 1 12 4 0 4 0 8 0 13 0 9 2 14 3 0 12 4 0 17 5 9 5 0 4 11 0 0 2 14 15 7 5 0 1 3 1 5 0 0 0 5 1 1 1 1 1 2 0 8 8 1 4 3 18 2 1 2 14 0 0 0 2 11 1 7 13 0 1 0 5 0 24 4 1 1 0 0 2 13 0 1 4 4 0 0 4 8 1 0 0 0 4 0 0 0 7 0 0 0 6 1 8 0 1 11 8 1 0 7 4 1 1 10 8 1 0 12 14 0 0 0 0 12
15 2 5 2 0 3 0 0 2 0 3 0 0 0 11 4 1 0 1 6 10 2 0 1 2 2 9 1 2 3 0 0 2 0 1 2 0 1 0 9 3 0 0 9 6 1 2 0 0 2 0 4 0 1 10 1 13 0 0 13 0 16 1 0 3 0 2 3 3 23 0 5 3 1 1 2 0 0 9 0 0 5 8 11 3 10 3 3 7 4 1 1 2 2 3 0 2 22 3 3 4 3 0 2 4 1 0 3 2 5 0 0 7 13 2 0 1 0 0 0 0 2 0 15 0 1 17 0 5 15 16 1 0 12 5 0 9 2 3 1 0 4 3 0 1 1 0 3 5 4 0 2 0 0 11 5 0 0 8 3 1 1 1 23 0 1 1 1 2 2 2 4 1 3 3 4 0 0 2 0 1 0 25 10 0 28 2 6 0 3 8 0 0 2 2 1 0 27 22 10
7 5 3 4 0 6 1 1 2 6 4 0 0 0 4 1 2 0 2 11 12 23 0 1 10 6 1 0 1 8 0 1 4 0 4 15 14 1 0 5 4 0 0 4 1 0 4 1 1 1 0 0 0 1 38 10 14 7 1 4 0 4 0 0 0 0 1 5 0 11 1 0 2 3 5 9 0 0 16 4 3 22 2 11 0 0 0 3 9 3 14 3 11 0 0 1 3 6 3 1 22 15 0 1 3 16 10 0 2 11 0 4 5 1 6 2 0 6 0 1 0 18 4 8 2 12 5 1 5 6 1 0 2 0 8 0 0 0 4 9 0 7 7 0 0 1 2 1 10 4 0 6 1 0 7 15 0 0 0 0 1 0 0 5 8 0 5 0 1 1 0 12 21 10 0 11 0 2 5 0 0 4 3 0 2 0 3 2 3 0 0 0 12 7 8 2 0 1 10 4
2 12 11 3 0 8 0 1 5 1 12 0 1 0 0 6 0 0 0 0 14 1 0 0 2 13 4 0 0 6 1 0 0 0 4 0 16 0 2 0 23 0 0 1 5 1 1 3 0 1 0 8 0 5 28 4 7 1 0 1 1 31 7 0 0 1 3 5 7 15 0 0 7 0 2 0 2 0 2 1 2 3 0 11 2 0 0 0 1 13 7 0 15 13 1 0 2 10 20 3 1 2 1 14 1 14 7 3 3 1 0 7 2 11 2 0 0 7 0 1 1 8 0 3 6 2 11 0 6 6 20 1 0 7 9 1 7 5 0 5 0 4 0 0 2 0 2 1 9 0 1 3 0 0 4 2 1 2 2 6 0 0 3 11 2 0 0 0 7 0 0 12 15 15 3 5 0 0 2 0 0 14 7 8 1 0 1 18 1 2 4 0 6 12 1 0 0 14 1 2
0 1 30 4 0 0 0 0 5 8 7 0 1 0 6 2 0 2 13 7 3 30 0 0 2 15 1 0 4 2 0 0 1 1 11 2 1 0 1 0 1 0 2 15 0 3 3 8 1 2 3 15 2 14 26 4 5 2 1 7 0 7 8 0 0 2 0 13 4 14 1 3 0 0 3 12 0 0 5 3 0 14 0 1 0 8 1 4 7 3 3 1 20 0 8 1 1 3 2 0 0 17 0 11 0 4 8 2 4 1 0 2 27 6 3 0 0 4 2 0 1 16 7 5 1 0 20 0 7 11 7 2 2 3 11 0 11 1 0 4 0 1 5 0 0 0 7 1 4 1 0 2 0 0 3 1 1 0 0 0 2 1 18 7 11 0 0 0 1 2 0 5 22 13 2 3 1 0 0 0 0 13 5 0 3 29 2 2 0 1 0 0 3 6 7 0 0 21 0 1
1 6 3 7 0 0 0 0 1 21 2 0 1 0 9 17 1 0 1 2 31 3 3 0 0 11 3 0 0 7 0 2 2 0 11 3 10 2 24 4 4 0 0 9 0 0 4 4 0 25 1 30 2 7 0 3 8 4 0 7 3 4 2 1 0 0 0 5 1 4 0 1 0 0 4 8 0 0 14 1 1 18 3 5 0 1 0 0 5 0 1 0 4 3 2 21 18 0 20 4 14 6 0 14 5 12 4 11 2 4 0 3 2 10 9 0 0 2 1 0 0 3 3 1 7 1 21 0 1 2 10 2 0 1 3 0 0 7 3 11 0 5 23 0 0 0 17 0 3 10 2 15 4 0 21 3 0 0 2 6 3 0 11 0 4 0 0 0 0 0 0 0 8 10 4 1 6 0 0 0 0 23 13 8 1 6 12 13 2 2 13 1 11 8 4 0 0 13 16 0
4 0 6 11 3 17 0 1 18 0 1 0 0 1 6 6 0 1 2 8 14 12 0 2 1 2 3 0 3 28 2 0 18 0 0 3 3 0 0 0 2 0 0 34 5 0 5 3 0 9 0 3 0 3 5 0 3 0 0 34 0 2 6 0 0 0 1 0 4 2 0 15 0 0 0 6 0 0 21 6 1 5 1 0 4 6 0 11 14 1 8 0 1 3 0 2 2 0 4 1 4 2 0 13 2 1 1 6 2 2 0 3 2 5 2 0 0 0 2 0 0 5 3 4 0 1 6 0 4 27 3 0 1 2 0 0 0 3 1 1 6 3 10 0 0 0 5 0 4 10 0 9 0 0 39 0 1 0 1 2 0 1 4 20 7 1 0 0 12 8 0 6 7 4 6 19 0 0 4 0 0 15 18 1 13 1 7 0 0 10 33 0 1 1 2 0 0 11 2 0
3 1 7 2 1 8 0 0 40 3 6 0 0 0 30 1 0 0 3 10 1 27 0 0 21 3 2 1 6 9 0 0 0 0 2 0 5 0 5 5 2 0 0 0 3 0 3 5 0 4 1 5 0 21 1 0 0 1 0 4 1 4 7 0 0 1 8 18 0 0 0 2 4 4 8 3 0 1 0 1 1 25 0 6 1 0 0 2 7 2 0 0 2 2 3 2 0 0 2 8 0 2 0 14 0 2 0 4 2 0 0 1 5 0 8 0 1 0 2 0 0 1 0 0 0 2 14 0 7 3 2 0 0 1 1 0 3 4 13 3 0 11 5 1 1 0 4 0 5 6 0 3 4 0 2 9 0 0 6 2 0 1 16 0 15 2 5 0 3 1 0 21 2 4 1 6 0 2 2 2 0 2 0 0 3 2 1 4 1 16 14 0 10 6 10 1 0 1 18 4
13 3 1 3 1 0 1 0 12 7 13 0 0 0 22 7 0 0 2 6 37 14 0 0 19 2 2 0 2 13 0 0 6 0 23 9 15 1 0 2 3 2 0 1 4 1 7 8 1 1 3 26 0 4 6 1 3 7 0 0 0 11 8 0 0 1 2 15 9 8 0 1 0 0 6 11 1 0 11 0 0 0 3 0 0 11 0 0 4 4 0 0 14 4 1 2 4 1 0 6 1 4 1 0 14 4 8 0 1 2 0 8 2 0 18 0 0 1 2 0 0 14 0 6 0 8 4 0 4 8 5 0 0 4 8 0 6 1 0 5 0 9 13 1 0 1 2 2 2 4 0 0 1 2 6 4 1 0 0 0 1 1 29 0 4 1 1 2 4 15 0 4 16 2 6 0 0 2 1 0 0 4 7 7 0 4 4 4 1 4 3 0 1 0 2 0 1 4 32 7
4 0 15 9 1 1 0 1 4 10 25 0 2 0 35 11 1 0 1 11 3 16 0 0 0 4 10 0 6 2 0 0 3 0 1 3 13 14 5 1 4 2 0 1 1 1 3 1 0 2 0 7 1 5 8 15 5 2 0 5 2 5 0 1 1 0 0 22 8 6 0 2 11 0 3 40 0 1 5 5 0 17 15 1 0 10 0 1 17 1 8 1 2 2 0 1 5 6 15 0 0 18 1 21 1 17 1 1 2 1 0 0 41 0 6 0 11 6 0 1 0 7 1 6 0 4 17 0 1 1 5 0 0 10 6 0 6 7 7 13 0 8 34 0 0 1 2 0 23 2 0 0 3 1 6 1 1 0 4 8 0 0 14 1 3 0 1 0 19 3 0 2 2 11 7 1 0 0 0 0 2 2 5 1 1 3 4 3 2 0 0 0 10 2 8 0 1 1 2 4
2 0 4 5 1 15 0 0 8 3 9 0 0 1 2 1 3 1 0 30 8 4 1 0 6 7 8 0 2 6 1 1 2 0 5 3 1 9 1 1 3 0 0 1 6 0 0 1 0 0 2 7 0 0 6 3 2 9 0 5 0 2 4 0 0 1 0 7 0 11 0 12 5 1 10 1 0 0 0 5 0 1 1 6 0 4 1 1 8 7 0 0 5 0 0 3 1 4 0 3 1 8 0 20 3 3 0 2 0 6 0 3 27 2 0 0 1 1 0 0 0 8 4 3 3 2 1 0 13 0 0 0 0 4 11 0 10 15 0 18 0 48 7 0 0 1 4 0 2 0 0 0 0 2 41 9 1 0 5 0 0 0 0 20 2 0 6 0 3 2 1 0 5 5 2 0 0 1 1 1 0 1 3 20 5 5 5 15 1 0 3 0 0 0 13 0 0 14 7 0
3 5 11 0 0 1 0 0 13 0 2 0 0 1 14 1 1 0 4 13 1 0 1 4 2 1 5 0 3 1 0 0 0 1 5 2 3 3 11 14 0 0 0 2 0 1 2 3 0 3 1 51 1 11 8 2 8 2 0 3 0 5 0 0 2 1 1 4 11 6 0 10 0 0 7 0 0 0 2 3 1 7 0 1 0 5 1 0 42 0 0 0 4 14 2 8 1 11 0 0 1 40 0 8 0 12 7 4 14 2 0 3 2 4 12 0 0 12 0 0 0 1 8 0 4 1 9 0 5 4 8 0 0 0 1 0 4 0 1 2 0 2 1 2 1 0 4 0 3 1 0 0 6 0 11 16 0 0 9 0 0 0 1 1 2 1 1 0 1 0 0 3 12 2 7 3 0 1 2 1 1 1 11 1 2 0 23 5 0 7 21 0 5 4 12 0 0 18 7 2
3 1 1 0 1 1 1 0 2 3 6 2 0 0 0 4 0 0 1 24 3 8 0 0 18 15 1 1 1 10 0 0 3 0 3 3 2 4 2 0 1 0 0 9 0 1 3 1 0 0 0 1 0 1 3 1 6 3 2 4 0 3 7 0 0 4 0 2 0 22 0 4 1 0 5 18 0 0 11 1 1 0 6 2 0 1 0 13 3 0 24 0 14 0 0 0 6 1 12 0 3 23 2 1 0 4 3 2 2 11 1 9 2 1 0 0 0 12 1 0 0 3 5 3 1 6 25 0 0 0 4 1 0 5 7 0 9 0 0 2 1 5 0 0 0 0 9 1 2 14 0 14 11 0 7 2 0 0 1 0 0 0 19 5 1 0 8 0 13 1 0 1 4 19 6 1 0 2 5 0 0 8 0 0 5 0 8 32 0 4 11 0 15 0 18 0 0 7 10 1
0 6 47 2 1 2 0 0 3 2 2 0 0 0 4 5 0 3 3 4 3 0 1 0 6 16 0 0 1 1 0 2 1 1 0 0 26 1 4 0 12 0 0 14 18 0 5 1 1 0 0 1 0 0 2 4 9 18 0 3 0 0 0 0 1 0 3 1 1 8 0 2 1 2 1 5 0 0 6 9 2 19 1 12 0 0 0 1 5 4 0 0 13 4 0 7 3 0 8 21 2 17 0 4 0 6 13 3 15 3 0 7 3 1 1 0 6 5 0 1 0 9 0 6 6 0 18 0 10 0 23 0 2 11 38 0 5 2 6 8 0 1 7 0 0 4 4 0 2 7 0 0 2 0 24 2 1 0 1 3 0 0 0 2 15 0 1 0 10 4 1 5 8 2 3 7 0 1 23 0 1 2 8 4 1 4 1 14 0 0 0 0 9 9 0 0 0 7 0 5
13 2 14 3 0 9 0 0 12 10 1 1 0 0 9 1 0 0 7 4 6 2 0 0 1 11 4 1 0 0 2 0 1 0 3 0 6 0 3 0 7 0 0 2 18 4 0 1 0 4 0 3 0 8 38 2 24 1 0 4 0 12 0 0 0 0 5 5 1 12 0 6 3 0 3 0 0 0 26 1 0 3 5 22 1 1 0 2 15 9 2 0 9 6 9 1 10 8 18 1 3 8 1 5 2 9 3 0 11 3 0 6 18 10 0 0 0 0 0 0 0 6 6 2 5 5 0 0 12 3 13 1 0 12 1 0 0 2 9 19 0 5 11 0 0 1 0 0 3 2 0 3 3 0 11 2 3 14 0 3 0 0 0 4 0 1 0 1 2 0 2 1 6 3 6 3 0 0 7 0 0 13 2 7 7 8 0 14 1 3 0 0 0 4 6 0 0 15 0 3
1 1 7 5 0 8 0 0 23 8 2 0 0 0 19 9 1 1 7 1 0 5 2 11 0 0 0 1 0 0 0 0 2 0 3 9 8 2 1 1 6 0 0 13 8 2 32 0 2 8 0 7 0 0 3 2 2 11 0 1 1 2 2 1 0 5 1 3 18 3 0 0 0 0 11 14 0 1 0 2 0 30 1 2 0 0 0 2 15 12 7 0 2 6 0 1 3 0 3 0 1 0 0 0 3 6 2 5 2 0 0 3 1 0 1 0 0 0 0 0 1 1 7 1 4 5 0 0 2 0 3 0 1 3 1 0 6 9 0 25 0 2 0 0 0 0 9 0 4 4 1 0 2 0 15 2 0 0 0 2 0 1 2 1 5 1 1 1 6 2 0 2 2 2 2 4 0 0 4 1 0 1 10 0 0 1 11 2 0 7 5 0 3 1 5 0 0 2 3 7
3 5 6 4 0 17 0 0 6 7 0 1 0 5 2 0 0 1 4 2 3 10 0 0 7 2 0 0 4 11 0 1 1 1 1 2 1 3 0 2 8 0 2 7 2 1 11 2 0 2 0 0 1 4 0 1 38 1 0 0 0 6 2 0 0 0 4 15 6 1 0 1 6 0 3 8 0 0 11 1 0 3 4 0 1 5 0 10 0 3 2 0 19 0 0 10 9 7 0 2 14 29 0 3 0 1 0 7 13 2 0 7 9 3 5 0 1 1 0 0 1 2 4 6 6 7 22 0 3 1 2 1 0 1 4 0 9 22 0 5 0 11 0 0 3 1 15 0 19 0 0 6 2 0 31 0 0 0 5 3 2 0 8 2 20 0 1 0 10 8 2 6 1 12 0 8 0 0 2 1 0 2 1 2 5 9 8 5 0 5 23 0 4 1 17 0 2 5 0 1
1 2 15 9 0 3 0 1 12 0 2 2 0 0 0 10 0 1 2 0 2 0 3 0 1 0 2 0 5 1 0 0 3 2 43 8 3 2 1 1 2 0 0 8 1 0 0 0 0 2 0 8 0 1 16 2 4 12 1 12 0 1 8 1 1 0 3 0 0 8 0 1 2 1 2 2 0 2 1 2 1 0 1 7 1 4 0 27 2 2 6 0 3 0 0 3 0 10 16 4 9 10 0 0 0 3 2 1 2 11 0 10 14 1 11 0 0 3 1 0 0 7 1 2 0 2 8 0 11 3 3 0 1 3 2 0 9 2 2 10 1 2 7 0 0 0 1 0 1 1 0 1 1 0 1 4 0 1 12 0 0 0 8 2 11 0 13 1 7 3 0 0 20 6 2 1 0 0 7 0 0 1 15 0 0 5 1 4 2 0 0 0 2 0 2 1 3 1 9 0
0 0 11 4 0 1 4 0 28 15 4 0 1 0 17 6 0 0 2 0 0 14 1 0 12 0 23 1 0 6 0 0 4 0 0 2 2 2 1 0 1 2 0 20 7 0 4 3 2 0 0 18 0 3 12 1 1 0 0 0 0 10 4 1 1 0 5 0 1 1 1 4 18 0 3 2 0 1 4 1 0 0 0 0 1 1 0 6 9 0 3 0 27 1 17 9 2 4 8 6 4 11 0 3 0 3 10 3 13 6 1 0 9 0 6 1 0 22 0 0 0 6 3 4 4 7 28 0 3 6 3 1 1 2 10 0 13 1 4 7 1 0 6 1 0 0 4 0 10 9 1 3 5 1 0 7 0 1 2 2 1 0 26 4 1 1 6 0 6 6 0 7 3 20 16 6 4 1 1 0 0 9 0 2 0 9 4 0 0 0 12 1 4 2 3 0 0 4 2 12
1 3 15 3 1 4 0 0 4 12 1 0 0 0 11 0 0 0 14 4 14 1 0 0 3 9 7 1 8 0 0 1 0 0 4 8 2 1 4 3 1 0 0 5 0 0 6 2 0 4 0 10 0 3 17 0 24 6 0 3 0 5 6 0 0 1 8 15 1 0 0 2 1 0 1 3 0 0 13 4 0 2 0 1 0 21 1 4 8 4 0 0 6 2 0 8 4 40 10 2 4 6 0 5 0 12 1 15 9 12 0 7 4 1 7 1 1 14 1 2 0 4 7 3 1 2 8 0 9 8 1 0 0 0 7 1 5 5 6 12 0 0 13 0 0 0 7 2 8 2 1 5 6 1 3 7 2 1 0 0 0 0 2 6 0 0 11 0 1 0 0 6 13 1 3 7 0 0 8 0 0 2 4 5 2 13 2 1 0 8 5 0 1 2 0 0 0 9 25 2
3 17 3 4 0 0 0 3 2 1 2 1 0 0 20 3 1 0 1 11 0 12 0 0 16 9 0 0 8 0 5 0 1 0 2 6 4 2 5 1 10 0 0 20 3 0 9 16 4 0 0 4 0 8 7 12 2 1 5 7 0 1 6 0 0 1 2 17 0 13 1 4 0 0 7 1 0 0 3 1 0 12 2 0 0 5 0 1 4 6 1 1 0 3 0 3 1 10 11 0 12 18 0 12 0 0 2 3 1 0 4 3 5 3 4 0 1 1 0 0 0 2 1 1 11 2 12 0 12 0 1 0 0 0 2 0 7 0 3 11 0 14 3 2 0 0 2 1 5 0 0 12 2 0 1 1 1 0 2 1 0 0 12 0 17 0 0 0 4 2 0 1 4 13 14 9 16 0 0 0 0 0 19 0 13 4 0 1 1 3 0 1 0 15 0 0 0 10 3 7
0 4 2 1 1 1 0 0 3 1 3 0 0 1 1 3 0 0 6 6 1 25 3 0 0 5 1 0 2 21 1 0 5 0 4 2 5 9 7 1 6 0 0 5 3 0 8 7 1 0 2 4 0 1 6 2 5 3 0 20 0 1 6 1 0 0 2 5 25 16 0 4 2 0 0 4 0 0 2 4 0 24 9 7 0 0 1 1 3 2 24 0 13 16 9 2 0 5 2 0 9 3 3 14 1 30 6 0 9 28 1 0 6 0 1 0 1 2 1 1 0 25 0 2 0 1 3 0 1 2 3 0 0 13 19 0 2 5 5 0 0 0 4 0 0 0 4 1 19 4 1 1 0 0 10 1 0 0 8 9 0 6 4 2 7 0 0 0 0 1 1 0 0 1 5 0 0 2 4 0 0 3 1 0 2 4 4 4 1 5 3 0 2 13 4 0 0 17 2 2
2 1 4 5 0 11 2 0 8 4 0 0 0 1 6 0 3 0 10 1 2 6 2 0 2 0 0 1 3 4 0 0 9 0 2 2 14 1 4 2 9 0 0 2 1 0 0 5 0 3 0 2 3 0 3 3 0 13 0 0 0 2 1 0 0 0 1 0 2 7 0 1 1 1 0 34 0 0 41 7 1 7 4 23 5 3 1 1 12 22 13 0 28 1 0 8 6 10 6 4 0 2 0 12 0 2 2 0 0 5 0 1 20 1 1 0 0 8 0 0 0 3 5 3 0 0 4 0 3 2 2 1 0 8 9 0 6 2 4 4 0 3 2 1 0 0 0 0 1 6 0 0 0 2 17 0 0 0 1 6 1 1 22 1 0 2 7 0 0 1 0 19 4 1 6 1 0 0 3 2 0 0 1 0 12 2 9 4 0 0 12 0 4 1 5 0 0 4 5 8
1 2 9 2 0 5 3 1 4 21 3 0 0 0 6 0 1 0 0 9 0 3 0 0 22 0 1 0 2 4 0 2 4 0 1 7 11 3 4 1 0 0 1 3 13 1 1 12 1 4 0 2 10 0 10 5 1 3 0 9 0 2 0 0 1 0 10 5 0 2 1 4 0 0 0 12 1 0 19 0 1 20 1 1 1 1 1 2 2 16 9 1 2 1 4 8 1 1 8 7 3 5 1 4 4 1 2 1 8 2 0 3 7 1 11 1 0 2 1 0 0 1 1 2 3 0 6 2 3 1 6 0 1 0 18 0 4 1 3 9 0 0 7 0 2 0 2 0 0 10 0 2 4 0 4 5 0 1 2 3 0 0 19 26 2 0 3 2 8 10 0 7 6 7 1 1 2 0 1 0 0 3 11 5 6 0 2 3 0 7 11 0 0 5 1 1 0 3 21 1
3 13 9 0 0 3 0 0 1 2 8 0 1 1 18 0 0 0 3 1 24 7 0 5 2 18 17 1 1 1 0 0 8 2 1 1 18 4 0 4 0 0 0 1 0 0 9 4 0 4 0 0 0 6 7 5 8 9 2 3 0 6 0 0 0 0 0 0 1 4 0 2 0 0 1 5 0 0 0 32 1 22 19 6 1 3 0 4 1 2 1 0 8 2 0 0 3 4 1 0 4 10 0 3 3 2 4 9 1 15 0 8 8 5 1 0 2 6 1 0 0 1 0 4 20 0 0 1 4 3 12 0 0 0 0 0 8 6 2 2 1 2 31 1 3 1 0 0 0 1 2 7 4 0 10 3 1 0 1 5 0 0 9 0 10 0 1 1 23 10 0 1 3 10 0 0 0 0 1 0 0 10 0 7 11 6 8 15 0 11 6 0 6 1 3 0 1 13 0 15
4 6 1 0 0 8 1 1 7 10 1 0 0 0 38 2 0 0 2 0 12 8 0 0 3 7 2 2 4 0 1 0 0 1 1 1 4 0 0 2 16 0 0 61 8 2 0 3 0 4 0 20 0 6 9 11 1 3 0 3 0 10 0 0 2 1 12 2 0 13 0 2 10 0 2 22 1 2 1 8 0 0 0 4 0 7 0 1 0 10 3 1 4 0 4 7 1 1 4 7 1 4 0 17 4 1 2 2 7 0 0 10 11 1 0 0 0 4 0 0 1 0 3 1 3 4 4 0 9 3 8 0 1 0 7 0 0 0 4 5 0 33 0 0 16 0 6 0 2 7 2 7 0 0 6 0 0 0 1 1 0 0 17 1 0 0 8 0 1 0 0 2 1 9 12 1 1 0 5 0 4 18 0 14 4 10 3 33 2 10 7 1 1 1 2 0 0 5 2 0
1 5 9 3 0 11 1 2 3 9 18 2 0 0 12 5 0 0 2 3 4 23 0 0 24 13 15 2 1 9 0 0 2 0 1 12 9 0 6 2 2 2 2 12 3 0 2 7 1 5 1 24 0 6 2 2 4 12 0 16 0 6 15 0 0 0 13 5 0 2 0 14 5 0 3 1 0 0 0 2 0 2 0 7 0 1 0 16 5 5 16 1 5 1 3 5 0 23 9 7 11 0 0 6 0 3 13 4 3 11 0 5 0 6 2 0 3 8 0 1 0 2 3 3 5 8 3 4 2 1 2 0 0 6 2 0 5 14 7 12 0 5 1 2 0 1 4 0 1 4 0 2 2 0 2 0 0 0 8 2 0 0 13 3 4 0 16 0 23 1 0 0 10 11 0 0 0 0 3 0 1 6 6 0 5 5 1 0 0 3 0 0 0 0 8 2 0 2 7 1
2 0 1 7 0 4 0 0 2 7 5 0 1 0 22 0 0 0 8 2 1 2 0 0 2 1 10 0 0 12 1 0 2 0 3 8 11 10 1 2 0 0 0 9 1 0 2 5 0 2 0 3 0 2 8 2 24 9 0 3 0 2 1 0 0 0 1 30 10 2 2 8 0 0 7 20 0 1 3 2 0 11 4 9 0 1 1 2 12 30 5 0 2 10 5 2 11 1 19 1 2 22 0 6 0 0 11 5 2 2 0 0 6 3 5 0 0 0 5 1 0 2 6 1 7 4 8 0 47 12 4 5 1 5 1 0 6 13 22 3 1 5 14 0 1 0 4 1 3 10 0 3 0 0 8 0 0 0 0 3 0 0 0 4 21 0 0 0 5 6 0 3 5 1 7 6 0 0 15 0 0 12 6 0 0 0 3 5 0 9 22 0 3 1 17 0 3 5 30 2
7 11 4 0 0 6 0 1 4 0 0 0 1 0 7 13 0 0 2 0 1 4 3 0 9 2 0 2 0 2 0 0 0 0 7 0 0 5 3 1 1 0 0 0 0 0 1 2 0 3 0 20 0 0 4 3 9 3 0 16 0 21 1 0 3 0 6 20 4 3 1 2 4 2 15 7 0 0 16 2 1 10 2 6 0 0 0 3 2 3 2 0 16 10 3 6 5 3 2 0 0 14 1 3 0 27 1 1 10 2 2 1 0 0 6 0 0 8 0 0 0 5 3 3 5 2 24 0 0 3 38 0 0 0 11 0 0 2 5 6 0 13 5 0 0 4 2 1 7 2 0 0 0 0 4 2 0 0 8 22 0 0 3 1 2 0 5 2 1 1 0 4 8 5 2 0 0 2 10 1 0 2 24 4 3 4 10 2 0 4 1 0 5 0 17 1 0 5 11 0
3 3 5 1 0 7 0 0 24 9 2 0 1 0 10 3 1 0 1 3 15 0 0 0 4 2 13 1 1 33 0 0 8 0 1 4 2 0 7 1 27 0 0 6 6 0 10 0 0 11 6 0 1 2 6 15 0 3 0 24 0 31 3 1 0 0 0 5 4 9 0 2 2 0 9 5 0 0 4 0 1 7 1 0 0 5 0 1 1 4 26 0 10 1 7 0 2 5 17 5 5 5 1 3 0 38 9 0 0 0 0 2 6 5 7 0 0 25 0 0 0 12 5 9 2 2 2 0 0 1 9 3 3 3 7 0 2 1 7 18 0 1 6 0 0 1 5 0 6 5 1 17 0 0 3 2 0 0 1 26 2 0 8 9 14 0 8 0 1 3 0 4 0 2 1 4 0 2 2 1 0 6 32 3 0 5 1 7 0 10 1 0 1 7 1 0 1 0 15 3
6 0 1 19 0 2 0 0 1 10 2 0 1 0 2 0 1 1 1 5 8 7 0 0 5 0 11 1 8 10 1 0 8 0 1 0 1 2 3 4 5 1 4 3 9 1 7 6 0 3 0 1 0 1 8 4 0 1 0 8 0 1 5 0 0 0 10 4 2 0 0 6 0 1 0 11 1 2 19 1 0 6 10 8 0 9 0 9 0 4 3 0 3 0 0 8 7 13 12 4 1 4 10 0 3 9 1 1 9 4 0 7 9 0 7 2 1 6 0 0 1 0 7 1 6 0 6 0 4 3 23 0 0 4 9 0 6 3 3 20 2 14 0 1 0 0 0 0 3 0 0 0 3 2 12 0 0 0 2 3 3 0 4 6 5 2 0 3 1 5 0 9 11 3 1 3 0 0 0 2 0 2 0 0 1 4 3 3 0 1 7 1 1 2 8 0 2 27 16 1
7 0 9 3 0 14 0 0 3 14 1 0 0 0 7 0 0 3 7 4 6 7 0 0 1 0 5 2 0 2 0 0 4 0 1 0 2 4 2 0 3 0 0 6 2 0 2 1 0 2 0 3 0 0 1 6 25 0 0 19 0 10 3 2 1 0 0 0 1 13 0 0 6 0 2 29 1 0 17 7 0 2 3 8 0 7 0 5 0 4 0 0 16 2 2 2 3 9 5 1 0 9 0 8 0 3 1 1 1 20 0 2 6 11 6 0 0 3 0 0 0 4 8 1 17 0 2 0 9 8 10 1 0 11 12 0 13 7 0 1 1 10 4 1 1 0 7 0 11 0 0 9 1 1 1 0 0 3 3 0 0 0 1 2 1 0 17 0 1 4 0 16 15 7 3 11 0 0 8 0 0 8 3 0 2 5 0 22 0 11 1 0 3 4 1 0 0 6 4 4
1 1 14 0 0 9 3 0 9 23 5 0 0 0 16 0 0 0 7 8 0 5 0 0 12 8 5 0 14 13 0 1 3 0 2 5 4 3 3 4 7 0 1 28 0 0 1 15 0 1 0 0 0 0 1 3 7 5 0 2 0 5 3 1 0 0 3 7 5 10 0 5 0 0 3 25 1 1 2 1 2 6 5 2 0 0 0 1 2 14 0 0 2 10 0 5 1 2 6 1 5 11 0 20 5 1 1 3 0 18 1 2 10 2 1 0 0 4 0 0 0 11 0 0 0 1 1 1 4 3 13 0 0 2 3 0 3 0 2 15 0 24 29 1 1 0 0 0 2 3 0 1 1 0 4 0 2 2 0 6 0 0 19 1 0 0 0 0 23 12 0 7 0 13 4 0 10 0 2 1 0 13 28 1 0 4 0 2 2 1 0 3 1 0 10 0 0 1 5 2
0 0 2 1 1 0 0 0 1 2 1 0 0 4 4 22 0 1 0 4 0 3 0 0 5 6 5 0 4 3 0 0 0 1 3 2 9 18 7 1 0 0 1 1 11 0 4 2 0 7 0 10 0 1 0 1 1 5 1 14 0 4 2 2 0 0 1 0 4 4 2 3 4 2 6 4 2 0 1 0 0 19 1 0 1 7 0 6 6 21 12 0 14 2 1 16 13 4 3 5 9 4 0 4 1 2 4 2 0 0 1 0 2 1 7 4 0 14 2 2 0 6 7 2 2 2 2 1 7 3 2 6 1 0 28 0 1 4 0 9 0 5 1 0 0 0 3 2 0 8 1 3 4 1 9 1 0 0 2 6 0 0 7 11 7 1 1 0 1 4 0 3 4 8 0 0 0 0 16 3 0 1 10 0 15 3 0 37 0 1 14 0 0 0 15 1 0 1 8 1
1 1 4 4 0 29 1 0 8 0 18 0 0 0 34 1 0 0 2 2 1 17 0 0 27 1 7 1 9 9 6 0 5 0 3 0 15 0 13 8 5 0 0 3 2 0 1 1 0 4 3 0 0 2 15 0 0 3 0 3 0 19 2 0 0 1 3 0 0 13 0 1 0 0 1 2 0 0 0 3 0 3 4 11 0 1 0 4 8 11 1 0 46 7 4 1 5 1 3 10 2 6 0 21 2 0 3 0 3 0 1 0 2 31 3 1 0 5 0 0 1 9 0 3 3 5 10 0 5 0 0 0 0 10 0 0 3 0 5 1 2 0 6 1 1 1 2 0 18 1 0 0 8 2 10 5 2 1 2 1 1 1 6 2 22 2 4 0 4 13 0 5 5 0 1 9 16 0 0 0 0 18 14 16 3 4 1 24 0 0 2 0 2 1 3 0 0 0 0 4
2 4 2 3 0 3 0 1 5 0 5 0 1 0 0 0 0 0 1 10 10 0 1 0 5 24 1 0 4 0 0 0 12 0 1 2 14 2 10 13 2 0 0 0 1 0 1 3 0 0 0 5 0 3 2 4 4 9 0 11 0 6 1 0 3 0 0 6 31 26 0 2 21 0 13 3 0 0 0 1 0 3 12 8 0 2 1 3 7 1 2 1 7 0 2 8 6 0 3 5 19 14 0 2 0 5 3 0 3 1 3 1 1 0 9 0 0 0 0 0 1 6 2 6 11 2 1 0 8 5 1 1 0 1 16 0 3 2 1 3 0 6 8 1 0 0 3 0 3 4 0 9 2 0 2 0 3 0 6 3 0 0 6 1 3 2 6 1 7 4 0 3 9 6 0 2 0 0 8 0 1 4 7 1 5 2 8 1 4 11 5 0 0 0 7 0 1 7 9 2
1 4 2 8 1 6 0 0 0 2 15 0 0 0 0 0 0 0 8 3 13 11 1 0 1 7 10 1 1 3 0 1 0 1 2 2 2 1 0 0 0 0 0 4 11 0 1 10 1 0 0 7 0 3 16 0 6 3 0 2 0 12 5 1 1 0 0 0 10 4 0 3 8 1 0 5 0 0 8 2 0 8 5 3 0 2 1 9 3 6 4 0 2 0 6 5 3 3 7 0 6 7 1 0 0 0 1 5 0 0 0 4 0 0 1 1 0 7 0 0 0 4 1 4 10 2 26 0 11 0 1 0 2 4 0 0 3 2 13 2 0 1 4 1 0 0 1 0 0 2 0 3 27 1 4 1 0 1 2 2 1 0 1 8 28 0 4 0 11 0 7 1 11 4 0 1 2 0 2 0 0 6 15 4 13 2 2 10 2 2 12 5 0 6 20 0 2 0 4 1
3 1 2 4 0 3 1 2 12 14 17 2 0 0 38 0 0 0 1 9 0 23 1 0 20 3 1 0 0 9 0 0 1 1 4 0 16 10 5 5 0 0 1 0 2 0 0 0 0 2 0 25 0 1 16 3 3 17 0 1 1 1 0 0 1 0 2 14 2 5 1 0 1 0 6 2 0 0 5 0 0 0 20 13 0 5 0 0 14 6 6 0 4 0 2 3 10 0 9 6 11 67 1 4 0 16 5 0 4 18 0 6 17 0 1 0 2 3 4 1 0 2 2 0 0 6 1 0 3 0 3 0 0 0 14 0 1 0 6 18 0 5 2 0 1 0 5 0 3 11 2 12 1 0 0 9 0 0 0 5 0 1 0 2 16 0 0 0 5 1 1 10 4 4 1 1 0 0 6 0 0 0 1 1 7 0 7 5 0 2 0 1 1 8 3 0 0 2 4 1
0 4 2 2 0 8 5 1 21 0 5 0 1 0 1 4 2 0 11 0 8 4 0 0 1 7 7 0 7 7 1 1 3 0 1 0 5 2 0 1 1 0 0 22 4 0 1 3 0 7 1 3 1 8 1 3 2 0 2 9 0 3 0 0 0 0 0 12 6 12 2 2 1 0 1 0 0 2 2 2 0 2 0 6 0 0 0 12 4 11 4 0 7 0 3 5 1 5 0 8 1 5 2 8 1 27 5 6 3 4 0 13 3 8 1 1 1 13 0 1 0 1 2 2 6 4 12 0 10 1 7 0 0 4 11 0 5 6 1 3 0 1 2 0 2 0 7 0 6 5 1 0 1 0 2 0 0 2 11 1 0 0 6 0 6 1 3 1 0 2 0 3 9 2 2 5 0 0 0 0 1 4 6 4 8 2 1 4 0 7 0 0 4 1 1 0 0 2 13 5
3 1 0 1 0 3 0 0 11 6 0 0 1 0 28 0 1 0 2 8 50 15 1 0 43 2 0 0 11 19 0 1 2 0 1 2 16 6 2 11 2 1 0 5 1 0 0 2 0 1 0 6 0 12 29 0 19 0 0 0 2 0 2 0 0 1 3 4 0 16 0 8 14 1 1 3 0 0 2 0 0 5 8 13 1 4 0 1 4 25 29 0 5 5 1 6 9 10 7 15 0 3 0 10 0 1 0 4 2 0 0 9 7 7 0 0 2 19 0 0 0 10 0 8 7 0 4 0 4 1 7 5 0 0 19 3 7 2 6 1 0 10 15 0 0 0 4 2 25 16 0 4 1 0 17 3 0 0 0 2 0 0 1 3 17 0 19 0 12 6 0 1 0 11 1 0 2 0 4 0 0 15 6 4 3 4 1 11 0 0 21 1 2 1 1 0 0 9 15 1
1 1 12 4 0 2 4 0 16 17 34 0 0 0 1 4 0 1 12 16 11 25 0 1 10 0 10 0 0 0 0 0 2 0 2 6 6 2 2 0 9 0 0 11 1 1 1 7 0 23 0 2 0 1 4 6 0 4 1 9 0 5 1 0 3 1 0 6 1 7 0 1 0 1 7 1 0 0 16 7 0 3 6 30 3 10 1 17 4 5 7 0 1 3 3 1 0 1 15 8 4 9 0 11 14 1 2 3 6 13 1 1 2 2 1 1 0 2 0 0 16 1 11 7 1 3 15 0 2 6 1 0 0 9 15 0 6 6 2 6 4 2 18 0 1 0 12 1 2 1 0 3 21 1 12 0 0 0 3 23 0 0 6 5 4 0 2 0 16 1 1 1 2 1 0 3 1 1 1 0 0 17 2 13 1 2 4 1 2 5 1 0 6 7 2 1 0 7 6 0
3 7 10 7 1 5 1 0 51 17 6 0 0 0 4 4 1 0 1 2 3 14 0 0 4 2 2 1 0 12 0 0 5 1 2 3 3 4 1 8 1 2 0 4 1 0 4 5 0 3 2 1 0 2 6 0 0 0 1 8 0 11 2 0 1 0 0 6 1 8 0 0 0 0 3 18 0 0 5 18 0 20 0 13 2 2 0 8 21 21 14 0 14 1 8 9 5 7 6 5 3 2 0 21 2 3 5 3 3 18 0 0 2 11 3 0 0 4 0 0 0 4 24 2 13 7 4 0 5 0 9 0 0 13 2 0 6 0 0 31 0 11 2 0 0 0 3 0 2 1 0 7 7 0 1 2 2 0 0 2 4 2 1 1 4 2 19 0 0 3 0 2 1 7 14 4 0 0 7 0 1 2 3 1 14 2 1 2 0 0 3 0 12 1 0 0 0 9 0 1
0 2 0 4 0 5 1 0 12 5 2 0 1 0 6 2 1 1 7 19 5 1 1 1 2 9 7 0 6 13 1 2 2 0 1 0 19 5 5 2 5 0 0 5 0 0 6 3 0 2 0 8 0 1 6 10 5 1 4 11 0 0 4 0 1 1 0 1 1 10 0 1 1 2 7 7 0 0 29 2 0 7 4 0 2 15 1 1 15 1 8 0 17 5 2 10 7 1 4 0 11 1 0 0 0 4 2 1 5 1 0 2 8 4 1 0 0 5 0 1 3 4 1 1 0 2 1 0 1 4 25 0 1 5 2 1 19 2 7 3 0 8 24 0 0 0 4 0 3 13 0 1 1 0 24 3 1 0 2 4 4 2 16 3 3 0 11 0 2 2 0 3 0 1 0 0 0 0 5 1 0 0 0 13 6 12 3 11 0 2 6 1 5 8 5 1 0 6 14 1
6 5 0 11 0 0 0 0 4 2 19 0 0 1 9 1 0 0 8 17 3 8 0 1 0 2 4 0 7 1 1 2 10 1 5 1 11 3 21 13 8 0 0 4 1 0 7 0 3 0 0 16 0 5 1 3 5 3 0 7 0 1 18 0 0 1 2 4 9 6 1 9 1 0 2 16 0 0 3 0 0 1 0 1 0 3 0 7 1 1 11 1 1 10 2 4 0 1 0 10 9 5 0 0 0 3 13 5 16 3 0 19 7 6 2 0 0 1 0 0 1 20 5 2 12 2 3 0 13 0 16 0 3 3 1 0 3 9 4 6 0 1 10 1 0 0 10 1 4 2 0 7 8 1 19 9 0 0 2 1 0 0 5 4 5 0 6 0 0 5 4 1 1 8 9 1 0 0 0 0 0 2 20 2 4 6 9 13 0 1 0 0 1 0 5 1 0 14 0 0
4 9 16 12 0 11 1 0 3 12 12 0 0 0 21 0 2 0 4 0 27 10 0 0 2 3 4 0 3 2 0 0 5 11 9 4 5 11 0 8 6 1 0 1 4 0 1 1 8 1 0 5 0 7 2 8 12 4 0 0 0 11 11 0 1 0 5 3 18 0 0 5 5 0 5 13 0 0 1 4 0 6 1 2 1 0 0 0 6 4 6 0 8 12 9 5 9 0 6 1 4 12 1 3 0 0 7 15 3 2 0 8 10 2 0 0 0 7 0 2 0 1 0 2 8 5 3 0 0 2 6 0 1 3 19 1 2 4 0 12 0 6 2 2 0 0 7 0 1 7 0 1 1 1 15 7 0 0 0 5 0 1 1 1 2 0 8 0 0 8 0 0 7 4 16 2 0 0 6 1 0 8 10 8 4 1 4 7 0 0 2 0 1 1 4 1 0 6 10 19
12 1 1 0 0 0 0 0 8 2 17 1 0 0 18 1 0 0 9 6 2 2 0 0 13 3 13 1 5 4 1 0 6 0 7 0 16 0 9 7 3 1 1 2 2 1 3 4 0 1 0 0 0 10 13 5 0 0 0 3 1 13 0 0 1 1 1 6 0 6 0 6 1 0 9 1 1 4 14 8 0 12 15 1 0 24 0 4 2 4 1 3 14 9 6 17 0 1 10 6 1 65 0 0 1 18 1 3 0 5 1 3 2 0 3 0 1 1 0 1 0 2 2 6 2 0 16 0 13 2 7 0 0 4 16 0 4 2 0 1 1 9 4 1 0 0 4 0 14 0 0 8 0 0 0 7 0 0 11 4 0 0 7 1 5 0 3 0 4 8 0 5 16 10 7 5 4 0 1 2 1 4 4 5 2 6 5 2 0 2 0 1 7 4 7 2 1 16 0 0
9 0 4 2 0 5 0 0 11 6 13 0 0 0 15 1 0 1 12 1 6 21 0 2 17 3 15 0 4 17 0 0 0 1 1 5 6 10 0 13 10 0 1 4 0 0 8 2 0 4 0 30 1 10 2 6 7 1 0 0 0 1 0 0 0 0 15 1 3 0 0 0 0 1 16 13 0 0 0 1 0 11 1 2 2 8 0 7 8 9 1 1 7 0 1 17 4 13 3 8 2 5 0 12 0 24 4 1 0 5 2 3 3 7 1 0 0 1 2 1 0 8 1 10 1 5 1 0 3 0 4 0 1 3 13 1 2 3 4 10 0 0 8 1 0 0 6 0 29 4 0 0 1 0 4 4 0 0 11 8 0 0 26 16 12 0 0 11 0 1 0 0 10 8 0 5 3 0 0 0 0 13 1 1 0 1 1 3 0 10 1 0 13 4 2 3 0 0 6 1
6 21 0 0 0 11 0 3 1 4 22 0 0 1 7 6 0 0 5 12 16 2 0 2 1 4 1 0 0 2 0 0 26 0 9 2 20 9 4 1 6 0 0 4 0 0 1 6 1 8 1 3 0 4 4 1 10 5 0 13 0 5 2 0 0 1 1 1 1 0 0 0 1 1 0 2 0 0 1 7 0 7 3 10 1 1 1 2 21 9 1 0 21 2 3 5 2 1 3 4 8 15 0 1 4 2 0 6 0 0 0 3 5 1 2 0 2 0 0 0 0 28 0 1 0 1 4 0 3 7 1 1 0 0 2 0 2 1 0 6 0 5 19 1 2 0 0 0 5 1 1 3 0 0 3 1 0 0 8 4 0 0 23 0 4 1 0 0 6 2 0 10 7 0 0 0 1 0 5 0 0 17 3 11 1 21 4 2 0 2 2 1 0 6 0 0 1 19 5 0
0 1 5 14 0 2 0 0 8 1 9 0 0 0 9 2 0 1 7 0 5 8 0 1 6 4 17 0 0 3 1 2 0 0 1 3 9 5 0 3 2 0 2 9 2 1 1 2 2 3 0 0 0 3 5 2 1 0 0 3 0 0 0 0 0 0 0 0 2 12 1 8 1 0 0 1 0 0 5 14 0 4 14 4 3 4 2 10 3 0 0 0 0 7 2 28 0 27 2 0 10 2 0 3 0 5 0 8 0 12 2 0 0 5 1 0 0 0 0 0 0 0 0 11 3 4 4 2 1 3 4 1 3 11 2 1 4 0 9 7 0 3 3 0 0 0 4 2 2 6 0 2 9 0 4 2 1 1 6 7 0 1 2 6 12 0 8 0 1 3 0 3 37 0 0 0 0 0 8 0 1 6 3 1 9 0 12 16 1 1 8 0 4 2 10 0 0 4 9 3
10 17 5 0 0 9 0 0 3 17 2 1 0 2 0 2 0 0 4 7 24 15 1 0 8 4 21 0 2 1 0 0 0 0 16 3 4 0 4 1 9 0 0 2 3 2 5 1 3 3 0 3 1 1 3 4 28 0 0 20 1 8 1 0 0 3 0 21 0 4 0 24 3 0 0 3 0 0 7 6 0 15 2 9 0 3 0 1 4 11 20 1 1 0 0 1 6 4 14 9 2 2 2 10 0 2 2 0 3 2 0 5 7 8 19 0 1 0 0 0 1 4 7 1 0 4 3 0 3 3 6 0 0 0 24 0 4 2 2 24 0 3 7 0 1 0 14 0 0 3 0 2 7 0 8 0 0 0 3 6 0 0 0 2 3 0 6 0 4 6 0 9 0 6 5 4 2 0 10 0 0 5 0 2 1 6 3 23 0 7 6 1 5 4 10 0 0 3 5 1
3 1 16 0 0 2 1 0 5 2 0 0 1 4 1 10 0 0 1 7 11 15 1 0 1 14 2 0 9 9 1 0 1 0 1 0 0 0 4 0 2 5 1 5 2 0 2 1 1 2 1 0 5 8 3 3 7 0 2 0 0 1 0 0 1 0 1 0 0 1 1 3 0 0 7 13 0 0 11 8 0 7 3 18 0 6 0 3 4 4 2 0 2 3 2 0 1 20 16 2 5 6 0 2 0 9 11 3 2 16 20 2 19 2 0 0 1 1 0 0 0 12 1 0 3 6 4 0 0 2 2 0 0 8 5 0 4 0 9 8 1 4 2 0 0 0 9 0 32 1 1 4 0 0 14 7 0 1 6 1 0 1 7 7 2 1 2 0 2 4 0 0 3 8 2 4 0 0 5 0 0 8 2 0 1 0 11 7 0 7 1 0 2 0 2 2 1 4 14 3
11 1 2 2 0 9 0 0 0 5 1 0 1 0 11 1 0 1 1 13 0 9 0 0 20 2 0 2 0 5 0 0 3 0 8 3 3 13 0 5 0 0 0 2 9 0 2 0 0 1 0 10 0 3 0 5 10 5 0 16 0 11 4 1 0 0 10 5 0 10 0 2 3 0 5 2 0 1 14 2 1 12 0 50 0 3 0 10 1 47 7 0 3 4 19 2 2 1 5 0 0 27 1 7 0 0 1 20 1 10 2 0 6 7 4 0 1 5 0 0 2 4 1 8 3 0 4 1 0 20 29 0 0 0 5 0 14 9 1 9 0 1 9 0 2 0 1 0 2 8 0 8 0 0 5 1 1 0 4 19 0 1 1 1 4 2 9 1 4 3 1 2 6 0 7 1 0 1 9 0 0 5 7 3 2 1 9 16 0 0 9 0 2 2 3 0 1 3 16 4
5 0 2 2 0 9 1 1 10 9 1 0 0 0 4 0 1 1 5 9 6 3 0 0 1 3 20 0 0 6 0 0 1 3 6 1 1 7 0 6 0 0 0 7 10 2 6 0 0 0 0 0 0 12 9 4 2 5 0 2 1 1 0 0 2 1 1 13 1 8 0 3 0 0 1 30 0 0 6 0 0 3 0 5 0 11 0 1 1 12 0 0 2 0 0 20 7 13 3 6 2 13 2 5 1 5 16 5 10 7 1 6 2 1 4 1 0 4 2 1 2 10 2 0 4 2 2 1 7 1 7 0 0 3 2 0 1 0 7 10 0 12 16 2 1 0 0 0 3 4 0 2 1 0 0 2 0 11 6 3 0 0 1 1 3 0 3 0 7 1 0 14 0 6 7 2 1 0 0 0 1 8 1 0 1 3 11 4 0 8 3 0 6 3 3 0 1 18 0 10
2 2 8 8 0 10 0 0 9 6 9 0 0 0 7 8 0 0 5 1 11 2 0 6 1 4 1 2 1 19 0 0 1 0 1 0 2 10 4 1 3 0 0 10 7 0 5 0 0 1 0 0 0 2 2 8 5 5 0 19 1 4 2 1 0 3 6 0 0 1 0 4 0 2 0 6 0 0 16 0 1 10 1 7 0 6 0 1 11 0 0 0 3 1 0 24 2 8 12 3 4 5 0 14 6 8 4 11 4 0 0 4 0 0 20 0 0 1 0 0 4 0 12 1 0 7 45 1 31 6 24 0 0 6 10 0 0 1 0 3 1 14 4 0 0 0 0 0 2 4 0 0 3 3 9 0 0 0 6 1 0 0 1 9 6 10 7 0 7 1 2 3 0 13 9 4 3 4 1 0 1 0 16 5 1 0 0 5 0 4 7 0 0 0 15 0 0 2 1 5
4 1 12 6 0 13 0 0 0 2 11 1 0 0 6 2 1 0 4 10 2 0 0 0 1 0 7 1 4 20 0 0 1 0 32 3 4 3 2 11 13 0 0 23 11 1 21 2 1 10 0 10 0 3 6 5 1 4 3 2 0 6 3 0 1 0 3 1 2 0 0 1 0 0 3 6 0 0 21 0 0 1 7 7 0 9 0 0 8 11 4 1 10 4 16 6 3 4 0 3 0 5 1 0 2 1 2 1 0 6 1 14 19 6 4 0 0 2 1 0 1 0 1 2 7 2 11 0 6 6 25 0 0 0 1 0 7 7 6 9 2 1 27 1 0 0 5 0 3 4 0 9 6 0 0 9 1 1 8 0 1 1 1 4 17 1 1 0 2 2 2 3 2 1 2 1 6 1 0 1 0 26 13 0 1 0 27 0 0 1 0 1 14 3 0 0 1 2 16 0
2 1 0 2 0 12 0 2 2 0 1 0 0 0 9 0 0 0 2 3 1 7 0 0 0 5 1 2 2 1 2 0 4 0 1 0 23 7 29 0 0 0 0 15 8 0 6 5 0 3 1 1 0 2 0 6 4 0 0 3 1 4 2 0 0 0 1 18 1 5 0 14 5 1 0 1 1 0 5 4 0 9 2 1 0 9 0 12 4 5 5 0 22 4 2 9 8 6 2 3 12 21 0 3 0 6 19 9 3 10 3 3 4 5 12 1 0 0 0 0 0 0 18 6 6 1 0 1 2 1 6 0 2 2 0 1 2 22 0 32 0 4 15 0 1 0 4 1 22 4 0 6 5 0 22 2 0 1 1 3 0 2 0 0 10 1 5 0 12 8 0 3 1 7 2 0 0 0 0 0 0 2 3 0 2 5 8 5 0 0 0 0 6 0 17 2 0 1 10 0
3 0 24 1 1 1 0 0 21 10 9 0 0 0 0 1 0 5 2 10 5 22 0 0 2 0 11 0 0 14 0 1 4 0 7 1 7 7 0 8 10 1 0 0 2 0 0 3 2 8 0 11 0 2 4 1 0 3 2 11 0 0 9 1 0 0 4 2 3 3 0 0 0 0 2 1 0 0 37 3 0 6 15 2 0 2 0 3 1 3 1 0 6 4 2 7 0 18 0 6 4 26 0 5 0 1 10 6 5 12 1 34 9 1 0 0 0 0 0 0 0 45 1 2 11 7 7 1 2 1 10 1 1 6 5 1 7 1 8 0 0 17 11 0 1 0 15 0 1 0 0 2 1 0 7 4 1 0 2 10 0 0 1 1 20 0 0 0 15 0 1 14 8 0 3 1 1 0 20 0 1 0 5 1 1 4 0 9 0 0 8 0 7 5 9 0 1 2 12 8
0 0 0 0 0 0 0 0 10 0 1 0 0 1 12 9 0 0 5 10 8 2 0 0 5 3 11 0 0 22 0 0 9 0 8 0 0 9 4 10 0 0 0 5 3 0 5 24 0 6 0 6 0 6 5 2 1 18 0 20 1 0 6 0 0 0 0 13 1 0 0 1 0 1 1 1 0 0 11 3 2 12 5 2 0 2 0 4 0 25 18 1 22 8 14 1 4 7 14 0 2 8 0 35 1 10 0 2 2 8 0 2 6 0 9 1 0 2 0 0 0 13 1 12 0 17 2 0 3 16 6 0 0 22 18 0 0 0 1 6 0 0 9 0 0 0 9 3 5 1 0 0 11 0 2 18 1 1 1 0 1 0 3 5 4 0 5 0 2 1 1 19 15 1 6 14 0 2 1 0 0 2 11 0 9 0 2 2 1 0 5 1 4 1 8 0 0 11 8 3
1 2 7 1 1 3 0 0 14 8 17 0 0 0 21 0 2 1 1 5 10 11 2 0 12 6 1 0 8 1 0 0 8 0 0 0 8 7 7 1 1 0 0 4 0 1 9 2 0 3 0 25 0 5 12 8 13 4 3 0 0 4 4 0 0 0 1 1 4 13 0 4 0 0 0 12 0 0 20 4 0 5 2 14 0 9 1 2 2 1 4 0 3 0 10 6 8 0 18 1 1 11 0 4 0 3 1 9 7 2 0 3 11 2 0 2 0 4 1 3 0 5 1 7 7 3 9 0 1 2 0 0 1 20 6 0 3 5 7 15 0 3 12 0 0 1 9 0 17 1 0 1 9 0 2 0 0 1 10 8 1 1 8 8 1 0 13 0 13 1 2 3 4 10 4 2 0 1 0 0 0 0 13 3 4 4 3 5 0 9 5 0 1 0 4 9 1 4 0 7
12 4 0 0 0 4 0 1 0 11 8 0 0 0 8 4 0 1 2 4 9 10 0 0 0 0 8 0 3 1 0 1 4 0 0 1 3 8 2 21 1 0 0 13 4 0 2 2 0 7 1 3 0 3 31 8 1 5 1 4 2 1 8 1 1 1 6 0 0 5 0 2 0 0 12 1 2 2 6 15 0 3 4 10 0 18 1 4 4 6 4 2 4 0 0 5 1 14 15 1 7 5 0 5 8 33 1 7 3 21 0 2 3 7 2 0 2 0 0 1 0 8 3 17 6 5 1 0 9 3 5 0 0 0 2 0 8 4 4 13 1 1 5 0 1 0 8 1 1 10 0 4 4 0 14 2 0 0 8 22 0 0 3 4 3 4 1 0 8 0 0 13 8 9 2 8 6 0 0 0 0 0 2 1 0 5 6 11 0 0 2 1 2 2 6 0 1 0 5 2
8 2 11 4 0 1 0 0 10 1 3 0 4 0 5 3 0 0 3 8 5 6 1 1 13 3 24 0 9 4 0 0 1 0 2 3 9 2 0 4 0 1 0 0 2 0 3 3 1 0 1 12 0 0 3 0 3 1 0 2 0 11 8 0 1 0 1 1 1 9 0 0 9 0 2 10 0 0 16 0 0 3 0 7 0 3 0 1 12 5 11 1 7 15 3 1 2 4 8 1 11 7 0 4 0 6 7 4 9 22 0 2 0 6 2 0 0 1 0 1 0 2 14 6 7 6 0 1 14 3 14 2 0 15 10 1 2 1 0 9 0 8 5 0 3 0 10 0 2 1 0 15 7 2 0 4 0 0 1 1 0 0 3 1 6 0 10 0 4 0 0 0 13 10 0 4 0 1 2 0 0 8 2 6 2 2 10 32 0 3 0 0 0 2 9 0 0 1 1 2
4 3 4 2 0 2 0 0 1 3 3 0 0 0 8 5 2 1 3 1 19 1 1 0 2 0 25 6 3 7 0 0 1 0 4 3 11 7 0 3 1 0 0 1 1 1 4 1 0 1 2 2 2 2 13 1 1 6 0 13 1 11 3 1 0 14 7 4 9 19 0 0 0 2 2 0 0 0 6 2 1 6 5 19 0 11 1 12 6 19 3 1 29 9 1 3 8 12 0 0 10 7 0 3 4 0 4 2 0 12 0 0 0 4 0 0 0 4 0 2 0 11 0 3 6 2 4 0 14 2 13 0 0 7 1 0 5 1 26 12 0 4 9 0 0 0 10 2 2 0 0 6 0 0 21 2 0 0 3 3 1 0 30 3 26 0 3 2 2 7 1 15 3 26 8 0 1 0 4 0 1 2 28 0 1 0 2 13 0 1 12 0 3 0 7 0 1 12 3 12
14 3 17 2 0 15 1 1 11 0 0 1 0 1 3 0 1 0 5 4 2 22 0 7 0 2 2 0 0 2 0 0 0 0 3 4 1 4 1 0 0 0 0 12 9 0 8 0 1 1 0 5 0 14 9 4 7 4 1 0 0 7 0 0 0 0 2 24 3 33 0 5 4 0 19 5 0 0 9 2 0 10 0 2 0 0 2 4 39 2 21 2 21 5 2 1 4 0 15 10 6 3 0 6 0 9 1 0 0 19 0 5 6 7 1 0 0 4 4 2 0 1 3 5 0 3 17 2 2 1 7 0 2 0 5 0 3 2 15 5 0 28 4 0 2 1 1 0 13 10 1 3 2 2 1 6 0 0 0 1 1 0 1 2 0 1 3 0 6 0 1 1 0 17 1 0 4 1 6 0 1 15 9 0 8 1 1 3 0 2 5 0 1 2 26 0 0 3 2 0
2 7 2 8 0 17 0 1 2 1 2 0 0 0 3 3 0 0 4 0 18 5 0 3 2 1 0 0 0 12 1 0 0 0 0 1 0 2 0 18 1 0 0 4 1 0 5 0 0 0 0 0 0 1 2 1 6 0 3 23 0 24 4 0 0 0 2 6 2 7 1 2 18 0 8 11 0 0 0 2 0 9 14 3 0 0 1 3 3 4 2 0 13 0 11 2 0 10 23 8 6 7 1 3 1 6 7 4 16 32 0 1 0 0 8 0 2 2 0 0 0 0 2 2 2 1 2 0 5 0 1 0 0 9 15 0 0 0 2 9 0 8 7 0 3 0 15 0 3 7 1 0 1 1 9 7 0 0 9 0 2 4 2 5 6 0 0 2 11 0 0 26 3 0 0 6 0 0 5 0 0 0 15 0 5 1 3 27 1 3 18 0 6 0 0 0 0 17 7 1
11 2 4 4 0 2 2 1 2 24 2 0 0 0 2 5 1 0 16 6 1 11 0 0 17 0 14 0 7 7 1 0 2 0 0 3 15 0 0 5 0 0 0 7 0 0 0 7 0 13 1 2 2 5 15 0 1 10 0 9 0 5 1 0 2 0 0 0 0 27 0 5 1 0 2 8 3 0 8 5 0 4 0 2 0 8 0 2 23 0 0 0 5 2 2 7 12 1 0 0 0 9 0 25 5 0 6 10 1 0 0 2 2 0 2 0 1 6 1 0 0 0 0 3 0 3 8 0 4 6 0 0 1 4 2 1 20 0 3 0 4 2 3 0 0 1 9 0 8 3 0 1 1 0 0 2 1 0 3 7 0 0 0 5 0 0 4 0 33 2 0 2 2 0 9 0 9 2 3 0 0 3 8 5 1 5 13 9 1 13 2 0 0 12 6 0 0 6 7 2
0 7 34 2 0 1 0 0 10 22 49 0 0 0 0 1 0 1 0 16 3 1 0 1 4 2 5 0 12 7 0 1 1 0 12 4 6 0 0 3 0 1 0 4 4 0 0 2 0 0 1 13 0 0 8 2 0 5 1 13 0 1 14 1 0 0 2 7 0 6 0 3 6 0 0 3 0 1 3 3 0 26 3 9 1 2 1 5 5 1 1 1 3 0 5 1 1 2 1 0 4 2 0 3 0 0 2 1 0 4 0 18 1 0 3 1 0 0 0 1 0 3 1 0 10 0 4 0 4 5 14 0 0 9 9 0 0 2 0 1 0 13 0 0 0 0 0 0 5 0 0 1 9 0 12 5 0 1 0 3 0 1 10 1 0 2 3 0 9 5 2 6 5 19 5 13 1 0 4 0 1 6 4 3 19 1 0 6 0 0 6 0 0 1 6 1 1 0 5 0
7 2 1 0 0 1 0 0 6 10 4 0 0 0 0 3 0 0 4 4 18 12 0 0 13 4 15 1 4 6 1 0 19 0 6 3 1 2 10 9 0 0 0 12 3 0 4 3 2 14 0 12 0 2 0 1 16 3 0 26 0 7 8 0 6 0 2 8 1 3 3 5 4 0 10 5 0 0 2 15 0 17 11 0 0 1 1 7 1 9 4 0 3 8 1 5 6 14 0 5 2 0 0 14 0 6 0 4 13 7 0 2 6 0 3 1 0 0 2 0 0 16 5 5 1 3 7 1 2 15 7 0 1 1 21 0 1 4 7 3 0 0 3 0 1 0 0 1 0 1 1 5 3 0 18 2 4 0 3 0 0 1 8 7 0 1 0 0 2 1 10 0 2 9 7 2 1 0 9 0 0 7 1 3 1 7 9 21 0 1 14 0 0 6 17 0 0 19 1 3
8 1 8 5 1 4 0 0 12 1 4 2 1 0 20 1 2 1 4 0 13 1 0 4 0 0 6 0 1 8 0 0 8 0 3 4 0 0 0 3 7 0 1 9 1 0 7 0 0 7 1 5 0 5 0 4 6 1 0 6 1 6 3 0 0 0 0 12 0 6 0 2 0 1 3 7 0 0 5 7 0 2 2 3 1 4 0 3 2 3 0 0 3 12 2 1 0 3 2 1 3 1 0 1 2 0 10 1 2 13 0 1 11 1 2 0 0 0 2 0 2 0 1 2 16 0 10 0 4 4 6 1 0 13 37 1 4 1 3 2 0 3 1 0 0 0 27 0 4 4 0 1 5 0 14 2 2 0 11 1 0 1 2 2 1 0 1 0 3 0 0 7 3 7 2 0 0 0 1 0 0 4 25 0 0 1 2 2 0 2 4 0 13 11 16 1 0 2 1 3
1 5 9 5 0 3 0 3 4 3 8 1 2 0 8 3 0 0 5 2 3 11 2 1 19 3 12 0 3 18 0 0 9 0 6 5 3 7 7 0 14 0 0 37 6 0 6 0 0 0 2 2 1 17 8 5 0 5 0 7 0 1 1 0 0 0 5 33 3 3 0 0 0 0 6 0 0 0 5 0 0 5 1 14 0 12 0 1 22 12 7 0 0 1 0 5 0 7 1 1 2 7 0 22 3 2 11 5 12 2 0 11 23 1 1 0 12 0 0 0 0 8 3 0 0 5 4 0 6 2 3 1 0 0 1 0 16 13 2 5 0 3 4 1 3 0 9 0 17 8 2 7 1 0 6 2 0 1 6 3 0 0 1 0 3 0 1 0 14 1 0 1 3 3 4 4 0 0 4 2 0 20 1 20 1 1 5 2 0 0 3 1 11 0 9 0 0 6 24 1
1 0 20 0 2 2 1 0 4 1 5 0 0 2 22 0 1 0 5 25 0 3 0 0 2 1 18 1 5 14 0 0 0 0 7 3 0 3 10 4 10 0 1 0 2 0 3 1 1 5 0 2 1 5 0 2 10 0 0 0 1 8 2 13 0 0 12 18 2 8 1 8 1 1 2 2 1 0 3 8 0 7 1 3 0 3 2 0 5 1 1 0 0 5 7 2 1 8 20 0 4 11 2 9 0 16 7 0 2 6 0 9 3 3 12 0 0 1 0 0 1 3 1 9 8 2 4 1 3 0 1 0 0 3 19 0 10 0 3 11 0 0 4 0 0 0 0 0 6 0 0 0 3 0 6 2 0 0 20 0 0 6 3 15 11 1 2 0 17 0 0 0 3 3 3 1 0 0 2 0 1 23 2 1 2 8 0 20 1 0 5 0 1 10 10 1 0 15 17 10
0 6 12 2 0 5 0 0 2 5 22 1 0 0 0 3 0 0 0 16 4 40 0 3 6 15 4 0 1 4 0 0 0 0 1 6 1 9 0 2 0 0 1 2 0 0 1 1 0 4 1 38 0 17 3 2 0 0 0 8 0 10 3 0 0 1 5 1 9 3 0 11 1 0 3 9 1 0 13 6 0 9 22 1 4 1 1 0 2 7 16 0 3 3 0 0 1 0 2 4 1 10 0 2 3 13 0 1 0 12 0 0 5 1 1 0 0 0 0 1 28 0 4 32 4 1 1 0 4 6 3 0 0 0 6 0 9 0 2 15 1 4 3 0 2 1 3 0 3 3 0 1 0 0 5 24 0 0 2 6 1 0 20 0 0 0 2 0 13 4 1 3 2 10 15 2 1 0 16 1 0 3 3 0 5 0 15 3 0 0 46 0 0 2 7 1 0 15 5 1
4 0 7 3 0 2 0 0 4 0 18 0 0 1 11 0 0 0 0 5 5 10 2 0 8 17 15 2 3 14 1 0 5 0 0 5 1 2 4 7 16 0 0 2 0 0 3 0 0 16 0 8 0 4 16 3 2 0 0 12 1 1 8 0 0 0 2 2 0 30 0 6 2 1 0 2 0 0 3 2 0 0 2 7 0 9 0 1 1 2 0 1 10 0 12 10 4 10 4 1 8 5 0 2 2 4 1 1 1 5 0 0 0 7 3 0 1 3 0 1 1 15 0 1 1 1 0 0 11 2 19 0 0 2 1 0 21 10 2 0 0 4 11 0 0 2 3 0 0 3 2 2 2 0 4 1 0 1 8 29 5 4 9 5 23 0 11 0 6 4 3 1 1 7 0 0 1 0 11 0 0 4 1 1 0 1 13 3 2 0 4 0 8 16 33 2 0 0 0 4
3 1 15 2 0 1 1 0 4 30 0 0 1 0 5 1 1 0 9 7 18 0 0 0 0 5 7 2 0 29 2 0 2 1 1 2 3 0 2 2 1 1 0 5 3 0 3 3 0 1 0 2 1 0 0 0 2 4 1 8 0 5 4 0 1 0 2 7 7 2 0 0 9 0 3 13 0 2 7 3 1 6 0 15 2 6 1 2 3 4 23 0 8 0 1 2 5 4 7 2 3 3 2 15 0 2 11 1 3 4 0 1 17 4 13 0 1 4 3 0 0 9 1 7 3 1 9 0 3 7 8 0 1 1 2 0 8 9 1 5 0 0 0 0 0 1 14 0 2 6 0 3 13 0 11 1 0 0 9 2 0 0 4 1 0 1 1 1 10 4 5 6 17 0 7 5 1 0 9 0 0 9 1 1 1 2 1 0 0 2 0 0 0 4 2 1 0 19 1 0
4 8 3 3 1 1 0 3 29 5 19 0 0 0 4 0 2 0 0 13 5 20 0 2 9 10 5 0 5 3 2 0 3 0 7 0 1 25 8 12 4 1 4 0 0 0 1 3 0 2 0 2 0 7 0 4 0 0 3 5 0 6 7 0 0 1 0 9 12 6 0 2 4 0 5 12 0 0 17 1 0 9 0 7 1 2 0 2 2 17 8 0 20 9 11 1 0 10 4 2 14 3 1 0 0 0 3 0 1 4 1 0 2 1 3 1 0 2 2 1 0 3 20 0 3 2 8 3 0 2 0 0 1 3 11 0 10 9 2 19 1 7 7 0 0 0 1 1 14 0 0 6 3 1 1 12 1 0 0 6 0 0 1 6 19 3 6 0 10 7 0 1 3 11 2 1 0 0 4 0 1 17 4 4 0 2 7 26 0 1 5 0 1 4 20 0 0 4 8 3
3 3 15 0 0 0 0 0 3 3 1 0 0 0 19 2 0 0 5 4 4 0 2 0 12 0 3 1 0 6 0 1 7 0 0 1 1 5 1 2 9 0 0 4 4 2 0 1 1 1 0 7 0 2 9 2 20 5 0 0 0 12 3 0 0 10 4 3 5 0 1 3 0 0 0 0 0 1 15 11 0 16 5 0 1 0 2 2 8 0 1 0 5 7 0 11 2 5 2 2 0 5 0 1 2 1 1 2 7 11 2 0 12 0 0 4 0 1 1 0 0 5 4 13 11 0 4 0 11 1 12 0 0 1 0 1 1 6 9 3 1 7 5 0 1 0 14 1 8 13 0 2 1 0 6 2 1 3 14 12 1 1 3 3 0 0 0 0 0 6 2 3 1 5 13 1 0 0 3 0 0 11 14 1 28 0 2 1 1 4 7 0 1 3 3 0 0 3 7 6
1 7 12 0 1 7 3 0 0 5 1 3 1 0 7 0 0 1 1 7 7 15 0 4 1 0 1 1 1 2 1 1 2 0 4 9 11 1 0 17 0 2 2 2 2 0 0 1 1 5 0 8 0 1 0 0 20 6 0 3 1 6 9 0 0 2 11 31 4 23 0 2 0 0 23 13 1 0 1 1 0 5 4 12 0 1 0 1 6 6 5 0 11 0 1 3 12 17 44 9 0 2 0 0 4 8 1 3 0 23 1 5 0 0 6 0 0 1 0 0 0 9 8 0 1 8 4 0 4 6 0 2 0 0 0 2 5 0 0 4 0 23 13 0 0 0 1 0 4 7 0 0 6 0 1 0 0 0 4 0 0 0 0 4 5 0 0 1 2 0 0 11 1 0 2 4 0 0 1 0 0 0 3 8 1 3 3 11 0 3 11 1 1 4 2 0 0 14 3 0
4 9 2 2 1 3 0 0 0 0 5 0 0 0 24 0 1 3 2 3 5 1 0 3 13 11 6 0 9 9 0 0 3 1 6 0 1 0 0 2 9 0 0 3 0 0 1 14 0 3 0 20 0 0 2 5 6 2 0 6 0 4 4 2 0 0 6 2 12 24 0 5 0 0 4 13 0 1 11 6 0 4 2 10 1 4 2 0 1 0 5 0 25 0 7 5 0 4 7 9 0 6 0 0 10 2 0 1 11 2 0 2 2 2 3 0 0 3 0 0 2 1 2 3 6 4 9 0 24 0 10 0 0 1 2 0 2 8 3 1 4 1 10 0 0 1 3 0 2 7 1 15 1 0 14 0 1 0 5 9 3 0 10 2 8 0 3 0 0 5 1 0 6 3 3 2 0 0 2 0 0 13 1 3 1 4 22 14 1 6 4 0 1 3 11 1 0 9 3 4
2 10 15 12 0 1 0 0 5 10 25 0 0 1 0 5 0 0 7 8 1 14 1 5 1 3 50 0 10 6 0 0 1 0 4 6 1 7 0 1 3 0 1 10 4 0 14 15 0 7 3 6 0 0 2 5 2 0 1 11 0 18 10 0 0 3 4 3 1 18 0 14 0 0 0 0 0 0 5 4 1 7 0 8 0 8 1 2 9 18 16 1 5 0 0 3 15 19 2 2 1 7 0 9 13 16 3 6 0 2 0 8 5 0 6 0 1 8 0 0 1 2 0 0 1 9 39 0 6 3 1 0 1 5 18 2 3 2 4 8 1 5 4 0 1 1 11 0 4 11 12 10 4 0 11 5 0 0 7 8 0 1 1 0 4 0 0 0 3 0 1 5 8 5 8 4 6 1 5 0 0 6 16 2 9 0 2 2 1 7 0 0 1 0 11 1 1 0 5 12
2 6 2 2 4 7 2 0 0 11 0 0 1 2 0 2 0 0 15 6 6 3 0 0 2 4 36 0 0 6 0 0 8 1 4 9 1 0 2 12 1 0 0 7 2 0 4 1 0 8 1 0 0 12 3 0 2 11 0 3 0 7 5 0 0 0 2 24 0 3 0 2 2 0 0 11 3 0 2 15 0 8 29 5 2 0 2 13 10 4 9 0 3 4 0 13 4 3 7 0 4 6 5 7 0 8 13 14 14 4 0 3 8 2 0 0 0 2 1 0 0 4 0 0 1 0 1 0 2 3 7 0 0 0 4 0 1 10 0 6 1 9 5 1 1 0 3 0 20 0 2 4 2 0 7 0 3 0 1 1 0 0 3 7 8 0 2 0 10 1 0 8 4 4 1 2 1 0 31 0 1 3 6 0 1 6 2 0 0 6 12 0 9 4 0 0 0 38 2 0
5 2 7 3 0 4 1 2 0 6 10 0 0 0 0 2 3 0 1 10 12 0 2 1 1 7 16 1 0 14 3 0 4 0 5 2 22 4 2 1 0 0 1 6 3 3 15 7 1 4 0 0 0 7 13 1 7 0 0 9 0 22 5 0 0 0 1 23 0 1 1 0 5 2 9 3 1 0 17 0 0 3 4 7 0 10 2 2 22 0 17 0 12 0 2 0 1 10 11 0 0 6 0 9 0 0 4 1 5 17 0 15 1 2 0 0 0 7 0 0 0 10 3 13 12 0 3 0 9 3 4 0 0 2 21 3 13 9 2 34 0 12 4 0 1 0 8 1 3 6 0 3 9 0 19 6 0 0 4 1 0 0 2 4 14 3 2 0 0 6 0 0 8 0 11 3 1 0 0 0 1 7 18 7 1 4 5 4 0 8 8 0 2 4 4 0 0 8 8 2
7 9 0 6 0 0 0 1 5 16 1 0 0 0 1 0 0 0 1 18 17 2 1 1 3 5 1 0 7 18 1 0 4 0 3 12 12 1 5 11 5 0 0 13 0 4 0 0 4 7 0 19 0 0 4 2 4 5 2 3 0 3 1 0 0 0 3 0 0 2 0 6 0 1 1 4 0 3 2 3 0 5 1 5 0 0 0 2 3 16 9 0 2 1 7 12 1 6 2 16 1 10 0 8 0 46 8 1 13 10 0 4 13 1 1 2 0 2 0 0 0 5 5 4 1 0 7 1 9 3 8 1 0 2 3 0 20 1 11 2 0 12 1 0 1 0 0 0 10 0 1 0 2 0 11 5 0 5 1 0 0 0 1 0 3 2 6 2 24 0 2 2 2 2 3 1 0 1 0 0 0 6 1 0 2 1 7 0 0 3 4 0 3 0 1 1 0 9 10 1
5 1 3 1 1 12 0 1 2 3 6 0 0 0 5 11 0 0 7 1 3 26 0 0 17 5 5 2 2 8 0 0 4 1 1 11 8 4 11 13 1 0 1 13 5 0 13 9 0 0 0 1 0 0 17 2 7 6 0 4 0 11 4 2 0 0 8 2 8 4 0 4 0 0 2 17 0 0 2 4 1 5 6 3 0 10 0 1 4 2 0 0 4 0 1 15 2 0 18 0 1 1 0 8 7 2 1 2 3 6 1 1 1 0 4 1 0 6 0 0 0 3 8 19 6 40 1 1 1 7 12 0 0 0 5 0 2 0 17 0 0 7 10 1 0 0 15 0 21 4 0 5 1 0 1 0 0 0 0 4 0 1 14 0 2 0 4 0 2 8 0 2 5 8 11 4 2 1 3 0 0 2 1 6 6 1 6 14 1 0 1 0 1 18 6 0 0 3 10 8
2 0 10 0 0 2 0 0 34 0 13 1 0 1 9 1 0 2 4 10 0 10 0 0 38 17 1 0 14 31 1 0 2 0 2 5 7 6 1 1 6 0 2 4 2 0 2 10 0 0 0 1 0 3 1 4 3 5 0 4 0 4 3 0 0 0 3 15 5 13 0 3 4 0 15 36 4 1 2 7 0 3 3 19 0 5 0 4 9 4 1 1 0 2 3 7 3 4 13 8 0 19 0 3 0 13 3 5 13 6 1 13 27 1 2 0 1 2 0 0 1 6 7 3 6 1 0 0 4 2 4 0 0 17 17 3 8 1 15 4 0 7 29 0 0 1 2 0 3 1 1 3 1 0 14 0 1 1 0 3 0 0 7 11 18 0 14 0 9 11 0 1 29 10 2 5 0 0 1 6 0 0 4 1 5 1 2 20 0 5 12 1 13 0 5 0 2 0 2 2
7 2 0 5 0 0 3 1 3 14 5 0 1 1 1 1 1 0 10 4 5 6 1 2 8 5 14 0 5 7 0 1 1 0 0 0 4 11 10 3 5 0 1 4 2 2 9 0 1 4 0 9 0 18 2 0 1 3 0 0 0 2 0 0 1 2 4 10 17 3 1 3 0 1 7 0 0 1 40 2 1 15 8 0 2 12 0 1 22 15 0 1 25 12 0 24 2 21 12 1 4 2 0 10 0 6 4 1 0 35 0 5 4 5 8 0 0 3 0 1 0 14 4 2 1 1 25 2 1 1 10 0 2 0 11 0 10 1 2 45 0 0 2 1 2 0 6 0 8 3 1 1 6 1 8 5 1 0 0 1 0 0 3 1 6 0 0 1 9 2 0 13 10 7 10 1 0 1 2 0 0 19 7 1 0 0 4 0 1 4 1 0 4 1 1 0 0 18 10 2
0 7 3 4 0 0 1 0 10 7 16 0 0 0 18 3 2 0 3 14 10 40 0 0 1 7 1 1 15 24 0 0 4 3 12 3 18 7 16 5 2 5 0 0 3 1 1 2 0 6 0 4 0 6 2 2 7 0 0 2 1 4 11 1 0 0 4 6 1 3 0 4 1 1 1 5 0 0 0 2 3 9 0 2 0 6 0 11 0 9 7 1 6 2 1 12 15 1 26 2 11 24 0 18 0 0 3 2 14 4 0 3 4 5 3 0 1 2 0 0 0 0 15 1 2 2 17 0 8 1 3 0 1 4 3 0 15 6 3 15 1 1 5 0 0 0 10 1 10 0 1 0 1 0 0 0 1 1 2 7 2 2 1 3 0 0 6 0 13 24 0 1 15 5 3 2 0 0 2 1 1 2 9 6 21 13 15 7 2 2 11 0 5 0 0 0 0 17 18 0
