0 4 12 22 22 0 0 3 0 3 1 0 4 1 0 4 1 2 0 0 0 0 2 1 6 4 4 20 2 7 3 0 0 0 6 7 1 0 17 2 2 0 0 13 2 0 5 1 7 0 10 6 0 2 7 0 0 0 10 11 0 0 0 9 0 0 0 2 6 0 18 20 0 0 0 1 6 0 2 0 0 15 10 0 1 2 0 1 3 0 1 6 2 2 0 5 0 1 17 0 4 8 12 13 0 1 0 4 7 1 0 1 3 0 0 2 11 0 6 6 0 1 0 3 2 23 0 12 0 12 0 14 1 1 1 4 0 1 18 1 1 8 5 13 0 0 0 0 1 0 0 14 4 1 9 0 9 2 0 2 0 14 0 0 4 0 0 1 4 0 1 3 0 4 17 4 3 0 5 1 4 30 2 8 0 5 1 2 5 0 0 4 6 0 9 2 0 28 0 1
0 3 0 0 11 0 4 10 0 2 2 8 5 19 0 0 2 0 0 13 0 0 0 0 6 10 7 30 2 27 18 0 0 0 6 7 2 0 9 7 1 0 3 18 0 25 9 0 2 0 11 3 7 6 1 1 0 0 0 9 6 0 0 0 9 0 0 6 3 0 9 3 0 8 0 1 0 8 1 0 0 0 8 0 6 4 4 5 19 0 0 3 1 6 2 1 0 26 6 0 4 1 0 40 1 0 0 3 6 0 0 0 1 0 0 0 0 0 6 0 3 1 1 9 0 2 10 10 1 9 0 11 2 1 5 5 1 1 4 0 4 5 10 3 0 0 0 0 0 0 0 9 3 1 9 0 6 17 1 2 0 1 0 3 0 0 0 16 47 0 9 8 2 6 1 10 8 24 0 1 4 1 7 2 5 16 0 2 13 2 0 4 6 0 8 1 0 12 0 0
0 0 0 13 3 2 2 4 1 2 4 3 8 4 0 0 5 0 0 4 2 0 1 0 21 3 6 21 1 15 1 0 0 0 1 0 0 1 7 1 1 0 10 1 0 0 8 1 23 0 12 7 1 8 3 0 1 0 8 6 7 0 0 0 12 1 1 0 1 0 1 0 3 2 0 0 38 16 8 2 1 0 2 0 15 21 0 13 6 0 12 0 2 7 5 1 1 17 11 0 2 2 19 1 4 0 0 4 3 7 0 0 1 0 0 0 0 0 3 1 2 4 1 10 0 6 8 0 0 5 0 13 0 0 2 6 1 0 8 7 6 37 6 3 0 0 0 2 2 0 0 9 7 3 2 1 0 17 1 16 12 10 0 1 3 0 0 2 1 0 9 5 3 5 0 10 9 21 6 1 0 11 18 0 8 2 0 1 0 2 2 4 0 1 32 1 0 3 1 0
0 12 0 2 1 3 9 10 0 1 3 7 3 2 0 8 5 0 1 6 0 1 2 0 0 3 3 5 1 1 13 0 0 0 2 1 4 0 2 3 2 0 9 1 0 32 10 0 10 1 9 0 0 1 4 1 0 2 0 1 12 0 0 3 0 0 0 23 3 0 0 8 3 1 0 0 0 1 3 0 1 0 6 2 4 13 9 0 0 0 0 0 7 12 2 4 1 15 4 0 0 2 2 4 3 0 0 0 3 0 1 0 0 0 0 6 32 0 4 0 2 7 0 5 1 8 1 2 0 2 0 1 0 0 1 7 0 0 6 6 8 2 11 4 0 0 0 2 1 0 0 2 0 6 13 2 7 1 0 8 0 9 1 5 6 0 0 1 27 1 0 1 8 19 2 2 5 6 0 5 14 12 24 3 0 2 0 0 4 9 1 0 13 0 4 15 3 7 0 3
0 0 2 10 2 0 14 5 0 3 4 12 26 2 1 0 0 0 2 19 3 11 0 0 42 9 2 0 7 3 11 0 5 0 2 1 12 0 4 11 0 0 5 27 0 0 2 0 8 0 3 0 4 16 3 0 0 0 15 11 0 2 0 0 0 0 2 2 0 1 2 0 0 2 1 0 19 1 1 1 0 12 11 0 5 5 0 2 10 3 1 1 5 4 21 0 0 6 15 1 2 0 3 4 3 2 0 1 5 9 0 1 6 0 0 4 8 0 3 0 8 7 1 4 0 2 9 5 3 12 0 16 0 0 4 3 0 0 16 4 0 8 1 4 1 0 0 3 1 0 0 6 3 5 7 0 9 10 0 1 1 2 1 7 12 0 0 14 1 0 7 7 0 2 3 5 8 3 4 0 10 23 22 0 11 5 0 16 28 0 1 12 7 0 4 0 0 2 0 0
2 2 0 2 2 0 0 2 0 3 28 2 12 4 2 4 17 5 1 19 1 8 0 0 2 2 1 0 4 2 3 0 0 0 11 3 3 5 2 3 1 0 4 16 0 10 6 0 5 0 4 8 5 2 7 0 0 1 17 1 5 1 0 1 4 1 0 12 5 2 0 3 0 4 0 0 30 0 44 0 0 5 0 0 0 0 5 7 0 4 30 1 11 6 1 2 0 22 6 0 1 0 0 9 6 0 0 9 9 1 0 0 0 0 1 2 12 0 0 10 1 0 0 0 0 2 2 1 0 4 0 2 0 0 9 1 1 0 8 1 3 9 1 15 2 0 2 12 0 0 3 3 1 2 3 1 2 13 1 3 4 1 0 5 1 0 0 18 21 0 15 6 1 3 0 0 5 10 19 1 13 5 12 4 6 0 0 1 15 1 1 17 0 0 57 5 0 7 0 0
1 3 2 11 1 0 0 22 0 3 5 4 13 0 1 15 0 1 0 4 3 1 0 0 4 1 3 1 33 13 0 0 0 0 3 6 2 1 0 11 0 0 5 4 0 2 18 0 0 0 11 12 2 2 2 0 2 0 12 0 0 0 0 1 0 1 0 2 14 0 0 4 2 2 0 0 2 9 16 0 0 5 0 0 4 8 0 6 2 0 6 10 2 2 0 0 11 15 13 3 0 3 12 0 0 2 0 5 21 4 0 1 15 0 0 3 8 0 2 4 1 1 1 3 0 28 0 0 0 1 1 0 0 0 1 1 1 1 6 12 6 8 0 2 0 0 0 7 0 0 0 2 0 2 3 0 0 4 1 4 1 29 1 1 3 0 0 2 3 0 5 2 2 7 1 1 8 30 5 13 8 13 6 0 17 1 0 0 4 5 4 4 0 0 19 0 0 6 1 0
0 7 0 11 16 0 6 2 0 1 29 1 3 4 0 22 0 0 0 1 4 7 0 0 8 0 14 13 11 14 7 0 0 0 4 0 0 3 2 1 1 0 6 23 0 0 2 1 3 0 3 2 4 11 14 0 2 0 2 3 11 0 2 3 4 0 0 1 0 0 18 1 8 5 0 0 7 2 5 1 0 10 0 0 18 4 1 10 9 0 0 0 7 10 1 0 1 3 7 0 14 3 9 0 2 0 0 5 40 16 0 3 3 0 2 10 6 1 2 1 8 4 0 1 0 4 4 0 1 2 0 10 0 0 24 4 0 0 9 4 8 9 1 8 0 0 0 16 0 0 0 7 3 7 0 0 2 18 2 5 0 0 1 2 11 0 0 11 4 0 16 24 2 1 6 5 4 0 2 13 3 6 2 3 12 4 0 1 5 0 0 0 1 0 6 4 0 7 0 0
1 5 1 8 1 0 11 1 0 0 23 10 6 0 0 3 1 1 2 8 20 0 1 1 11 1 1 2 26 1 14 1 0 0 9 0 21 0 3 0 0 0 3 1 0 13 5 0 1 4 1 1 2 15 6 0 0 0 6 0 7 1 0 1 1 0 0 36 5 3 1 7 5 13 2 0 0 1 24 1 0 14 0 0 17 9 2 6 1 0 8 0 11 0 16 1 0 0 0 0 4 10 0 4 1 0 0 4 4 3 1 0 0 1 0 11 43 3 12 6 1 4 2 2 0 3 1 1 0 36 1 5 0 0 0 1 0 1 13 1 16 7 1 1 0 0 0 8 0 1 1 3 1 1 5 0 0 1 0 1 2 2 0 8 0 1 1 0 1 0 3 4 0 5 3 41 20 16 0 19 8 4 25 0 2 5 0 2 1 18 1 12 0 0 2 7 0 3 1 0
1 0 0 1 0 0 2 1 1 0 0 16 16 3 0 3 3 0 2 3 7 0 0 0 7 2 7 2 7 7 15 0 1 1 0 9 21 1 9 3 0 0 19 3 0 1 1 1 0 0 1 0 0 2 3 0 1 0 0 0 6 0 2 2 1 1 0 3 2 1 19 0 5 2 29 1 13 2 4 0 0 1 1 2 6 1 2 2 6 0 3 9 1 1 9 17 0 0 0 0 6 4 4 1 11 0 0 1 18 2 0 0 2 0 0 0 4 0 0 2 2 3 7 7 0 0 2 0 0 2 0 1 0 1 5 0 0 2 9 1 16 1 9 3 1 0 0 11 0 0 0 16 0 4 5 0 3 5 0 8 1 0 1 1 10 0 0 14 2 0 1 1 7 0 3 13 0 9 0 0 4 8 3 11 4 5 0 0 6 1 0 5 8 1 26 6 0 4 0 0
1 5 0 0 2 0 5 1 1 15 0 2 2 1 0 0 6 0 0 7 4 59 5 1 2 0 0 11 4 6 6 0 0 1 11 4 35 0 0 4 1 1 16 7 2 2 1 0 4 0 20 2 1 0 0 0 0 1 1 10 0 0 3 0 4 0 0 8 13 0 7 2 1 0 0 0 0 1 2 1 0 2 0 0 6 1 2 16 8 2 12 2 0 13 4 2 0 0 1 0 4 5 2 4 1 2 0 3 2 2 2 0 1 1 0 5 2 2 3 7 4 0 0 7 0 3 1 10 0 4 0 1 1 0 15 1 2 0 2 1 17 1 12 2 1 0 0 2 1 0 0 12 2 2 5 0 8 4 0 9 0 14 0 3 0 0 1 0 5 0 23 19 5 7 5 1 30 11 1 25 0 2 10 3 8 1 0 3 15 0 0 11 9 0 2 12 2 32 0 0
1 1 0 4 0 1 0 0 0 6 39 5 0 5 0 16 2 0 2 6 21 2 0 1 8 2 5 7 5 15 4 0 1 0 6 11 8 1 12 10 0 0 16 3 0 12 1 0 15 1 7 1 5 14 18 0 0 0 14 1 10 1 0 7 11 1 0 10 3 0 0 7 10 6 0 2 3 0 0 0 1 2 2 0 8 5 6 26 7 1 4 0 5 1 2 5 0 2 3 1 5 7 2 2 3 1 0 2 12 16 0 0 1 0 0 3 3 0 3 1 4 2 0 0 3 12 7 0 1 4 0 0 0 1 0 6 1 0 5 4 7 1 2 7 1 0 0 6 0 0 0 2 20 5 23 0 3 4 3 0 0 5 0 0 1 0 0 5 21 0 15 1 2 2 1 6 2 1 6 9 6 1 19 6 2 4 0 0 8 2 0 32 2 0 7 4 0 4 0 0
0 16 0 1 18 1 2 2 12 9 4 0 4 7 3 5 6 1 1 0 1 7 0 1 3 15 6 14 25 6 3 1 0 0 7 10 3 1 5 3 0 0 1 0 0 7 29 1 3 0 4 1 7 5 7 0 0 0 2 11 4 1 5 9 3 0 2 8 5 0 11 3 1 0 0 0 2 1 10 0 4 10 3 0 9 2 25 8 1 0 0 36 2 2 1 4 1 1 0 0 2 3 9 0 16 1 0 8 11 4 1 1 0 2 1 4 2 2 0 5 3 2 0 4 0 0 1 3 0 2 1 0 0 4 3 15 1 0 3 0 1 8 14 12 0 0 0 12 2 5 0 9 2 1 6 0 14 4 3 2 4 15 0 1 2 0 4 3 7 7 1 4 3 1 9 9 6 4 1 0 7 8 2 9 9 4 0 3 4 2 0 2 2 0 6 1 1 2 1 3
0 10 2 24 1 0 9 0 0 8 11 1 17 5 0 18 0 3 0 7 0 3 1 0 0 1 5 14 0 6 1 4 0 0 3 14 6 0 1 8 1 1 4 6 0 1 5 0 6 0 4 2 0 16 1 0 0 0 5 0 11 2 1 0 6 0 0 1 9 0 3 5 3 0 1 0 0 3 7 0 0 3 2 2 8 0 2 2 0 0 4 5 4 0 2 1 2 5 1 0 10 2 7 23 2 1 0 4 0 2 0 0 2 0 0 0 6 0 1 1 7 7 0 2 1 11 6 2 0 21 1 1 0 1 4 7 0 0 10 3 12 3 8 27 0 0 0 11 0 0 1 10 1 1 1 0 4 11 0 3 0 9 0 2 5 2 2 21 2 0 1 13 6 3 6 1 5 4 2 5 9 0 11 4 24 9 0 9 11 14 0 2 4 0 1 6 2 0 0 1
0 2 0 4 6 1 10 3 0 2 13 16 1 4 0 4 5 0 0 17 2 0 0 0 2 4 3 20 11 0 4 0 1 0 0 4 10 1 3 2 0 3 1 16 0 4 11 1 5 0 13 3 3 6 2 0 0 0 15 17 4 1 0 0 4 0 0 3 6 3 0 0 4 0 0 0 13 0 0 0 0 6 0 0 0 16 3 9 5 0 0 0 1 1 2 15 7 2 23 0 4 13 0 11 14 0 0 5 11 1 1 2 10 2 3 0 1 1 20 10 5 11 0 5 0 5 3 0 2 8 0 9 0 0 17 0 0 0 5 5 5 7 6 3 1 0 0 2 0 0 0 23 0 2 2 1 11 2 0 10 3 54 0 7 2 0 1 2 8 0 12 9 0 2 2 5 0 3 5 6 0 3 17 1 2 5 0 5 5 1 3 5 1 0 11 1 1 11 1 0
0 7 0 2 3 0 5 5 2 1 45 2 12 3 1 3 0 0 0 4 0 4 0 0 1 4 0 7 0 5 2 0 1 3 3 37 12 0 3 24 0 1 33 1 0 3 2 0 4 0 19 2 11 21 1 0 2 0 5 6 1 0 1 1 3 0 0 3 3 0 2 0 2 0 0 2 22 1 0 0 0 11 0 0 3 13 8 4 9 4 1 6 6 0 5 2 9 2 4 1 7 4 3 13 7 0 0 3 2 4 0 1 6 0 2 4 5 0 5 0 0 0 0 7 0 7 14 16 4 11 0 11 0 0 11 0 0 0 1 22 20 1 16 0 0 1 0 7 0 0 0 9 6 1 3 1 11 8 0 4 0 3 0 13 9 0 0 1 0 0 23 8 6 5 4 7 1 0 1 9 3 9 4 14 2 1 2 13 5 2 0 1 1 0 18 4 0 4 0 2
0 9 0 11 4 0 0 0 0 1 4 14 1 5 0 0 2 0 0 6 0 6 0 0 6 1 27 2 0 4 3 0 0 0 0 20 9 3 0 2 0 0 19 20 2 5 4 0 63 0 5 1 0 2 1 0 0 0 18 1 6 1 0 11 3 0 0 10 8 1 21 2 2 0 0 2 0 2 7 0 1 4 8 0 17 12 2 2 10 1 3 9 9 0 2 3 0 3 10 1 3 9 5 29 15 0 0 7 9 4 0 0 2 0 0 0 23 1 2 3 10 2 0 0 0 6 0 9 1 10 0 15 1 0 12 2 0 0 1 5 1 1 0 5 0 1 0 6 0 2 0 8 0 0 14 0 8 3 2 6 8 11 0 6 13 1 0 5 1 0 18 3 7 2 10 4 10 1 0 18 11 9 13 3 21 10 0 0 16 5 0 2 0 0 17 5 0 29 1 12
0 4 0 6 29 1 7 2 0 17 3 6 2 5 1 0 0 0 0 19 0 0 1 0 15 1 0 0 31 0 10 0 5 3 2 13 3 0 0 7 0 0 10 4 0 3 6 0 7 0 5 0 17 1 9 0 0 1 16 3 1 0 0 2 2 0 0 1 27 0 10 4 0 2 0 0 7 1 4 0 1 0 0 0 6 0 0 12 20 0 4 9 7 1 6 0 2 2 4 1 2 14 11 5 3 1 0 4 13 6 1 0 6 0 0 6 1 0 7 5 5 1 1 13 3 3 2 5 0 4 0 2 0 0 0 1 0 0 16 4 2 8 2 1 0 1 0 0 1 0 0 24 6 1 0 0 2 15 0 6 0 14 0 6 5 0 2 3 3 0 10 8 0 4 1 1 1 6 8 5 15 3 8 1 3 1 0 0 8 2 0 6 1 0 3 2 0 12 0 0
1 2 0 5 9 0 0 3 1 3 4 2 1 3 0 8 1 0 2 34 1 5 0 1 2 13 10 1 6 15 25 0 0 1 0 3 16 0 7 1 1 0 3 1 0 9 15 0 6 0 4 0 4 2 2 0 2 0 10 1 0 1 1 0 2 0 1 10 2 0 1 10 0 5 0 0 6 3 8 0 0 2 2 0 1 2 4 9 0 0 1 4 3 3 4 2 0 6 17 1 1 0 2 8 6 0 0 2 14 0 0 1 2 1 0 5 8 0 9 4 15 0 1 11 2 0 1 2 0 6 0 5 1 0 8 5 0 0 8 1 11 26 1 0 0 2 1 7 0 0 0 1 2 1 1 0 3 0 2 4 4 5 0 0 0 0 0 8 2 0 9 18 0 1 11 2 0 2 0 18 8 4 9 5 0 10 1 8 0 7 0 3 1 0 3 5 0 2 0 1
0 10 0 5 0 0 2 8 0 4 1 0 4 2 0 3 0 0 0 6 4 3 3 0 7 1 1 0 2 7 9 0 0 3 22 2 4 0 6 24 0 0 6 4 0 7 4 0 6 0 12 2 5 5 7 0 0 0 0 0 9 0 0 1 3 0 0 9 5 0 6 5 3 3 7 0 5 19 4 0 1 7 2 1 1 3 4 0 1 0 3 4 5 10 10 7 0 1 2 0 4 9 10 1 7 0 0 3 8 0 5 0 1 0 0 0 1 0 3 2 1 1 1 1 0 3 5 8 0 17 0 20 0 0 20 15 2 0 6 1 13 22 2 0 0 0 1 3 0 0 0 2 3 1 0 0 3 16 0 3 1 30 1 0 0 3 0 3 0 0 6 15 5 5 1 3 8 0 6 2 24 14 0 6 18 5 0 1 5 1 1 6 1 0 4 3 0 12 3 0
0 1 0 19 41 0 0 2 0 5 4 1 21 16 0 21 3 0 0 25 6 3 1 1 9 8 0 2 9 0 6 0 0 0 14 4 8 0 10 4 2 0 6 4 1 8 5 2 1 1 5 6 4 17 0 0 0 2 1 13 10 0 0 4 19 0 1 8 0 0 16 0 4 2 0 1 2 1 17 0 0 1 0 0 7 4 0 3 10 2 0 0 1 1 9 6 7 6 8 1 29 7 16 2 9 0 0 3 9 1 0 0 1 0 0 2 1 0 1 1 1 4 0 7 0 27 0 1 5 3 1 0 0 0 49 16 1 0 1 1 2 2 1 12 0 0 0 5 0 0 1 0 3 4 20 0 2 2 0 0 1 4 2 0 8 0 0 29 4 0 4 6 6 11 4 0 55 19 4 4 4 5 40 1 0 9 0 4 5 4 3 2 1 1 11 4 0 23 1 2
0 3 0 4 2 0 2 0 1 3 2 5 4 6 1 15 1 0 0 1 0 0 1 0 30 8 25 28 4 0 2 1 3 0 0 2 11 0 1 0 0 0 12 0 0 5 9 0 12 0 23 5 3 10 8 0 1 0 15 5 0 0 0 3 11 0 3 9 2 0 25 0 5 0 0 0 0 1 23 2 0 9 7 2 1 3 0 1 0 3 0 4 1 0 3 0 16 3 43 0 5 2 3 30 8 0 0 1 29 2 1 0 10 0 0 2 9 0 1 0 6 14 0 6 0 2 5 17 0 16 0 1 1 1 7 0 0 0 12 2 19 0 8 2 0 0 1 1 0 0 0 1 5 5 3 0 1 3 1 7 3 3 0 5 10 0 0 14 0 0 1 5 1 0 1 32 3 0 1 3 7 1 6 2 3 6 0 1 0 3 0 2 0 2 8 2 0 12 1 1
0 3 0 20 21 0 4 8 1 1 6 18 0 4 0 12 0 1 0 0 1 0 1 0 3 4 1 5 22 2 8 0 0 0 17 21 9 0 11 17 0 0 22 21 0 19 13 0 9 0 7 7 0 3 7 0 0 0 7 9 4 0 0 8 7 0 0 3 4 0 12 3 2 2 0 0 9 7 17 0 1 0 0 0 1 12 7 6 6 1 5 3 2 8 3 8 0 2 2 0 0 6 15 7 0 0 1 11 6 0 0 0 2 0 0 1 4 1 1 18 3 0 0 12 1 1 5 34 0 1 4 3 0 5 2 0 0 0 0 10 3 12 23 1 0 0 0 3 2 0 0 3 0 3 8 0 16 2 3 3 0 4 8 2 0 0 1 39 3 0 23 2 1 6 6 6 4 1 2 10 7 4 21 3 6 8 0 7 2 1 0 9 1 0 0 2 1 1 0 0
0 8 0 47 7 1 5 15 0 1 10 4 1 0 0 13 2 0 1 11 5 1 0 1 14 1 8 5 11 11 26 4 2 0 1 12 9 2 7 9 0 0 7 5 0 2 7 0 0 2 16 17 3 5 4 0 0 1 1 7 2 1 0 9 8 1 1 6 8 0 5 1 4 0 1 0 0 0 3 1 0 5 0 0 0 2 1 2 7 1 2 3 5 0 4 1 4 5 4 0 6 8 25 8 10 1 0 7 0 2 2 0 1 2 0 7 3 0 0 4 1 4 0 7 0 0 8 26 0 24 0 21 0 0 2 6 0 0 1 2 10 9 3 5 0 1 0 0 0 0 3 9 8 8 43 0 9 4 0 4 7 5 1 0 1 0 0 0 3 1 10 3 1 4 1 1 15 8 1 22 11 35 2 9 0 3 0 13 22 35 0 2 4 0 5 18 0 8 0 0
3 4 3 2 5 0 11 4 0 6 1 29 2 2 0 5 1 3 0 7 0 0 0 0 8 4 3 10 68 8 19 1 0 2 15 8 1 0 0 0 0 0 1 3 1 7 3 1 5 0 5 1 0 11 4 0 0 0 0 3 1 0 0 6 6 0 0 16 2 1 14 0 0 15 0 0 7 7 11 0 0 5 4 1 2 17 3 7 2 0 4 10 2 1 7 1 0 11 12 0 3 0 3 3 2 0 1 2 0 4 0 0 2 0 0 0 3 0 0 1 4 0 0 3 1 2 1 7 4 8 1 3 0 1 2 5 1 0 2 14 7 11 3 0 0 0 1 0 0 0 0 0 3 1 27 0 2 5 1 0 1 15 0 2 4 0 2 2 5 0 2 3 15 2 8 1 6 29 14 13 12 21 0 10 5 9 0 9 0 13 1 21 0 1 1 5 1 1 0 0
0 2 1 1 2 0 3 6 0 0 1 0 20 12 0 13 10 0 0 2 15 1 0 0 2 4 2 0 1 30 3 1 0 1 9 15 3 0 1 2 0 2 9 24 0 28 24 2 9 0 14 16 3 5 3 0 0 0 3 7 8 0 1 10 4 1 0 2 16 0 10 3 3 0 0 0 19 27 2 0 0 3 1 1 2 10 0 13 0 0 2 1 1 4 13 0 0 0 10 0 6 2 9 6 4 0 0 3 1 0 2 1 1 1 0 0 3 0 2 11 0 1 0 4 0 1 10 1 0 7 1 1 1 0 1 1 1 1 0 2 19 0 1 11 1 0 0 29 1 1 0 4 0 0 4 2 14 12 1 4 7 3 0 2 7 0 0 1 4 0 2 10 9 1 3 10 2 0 1 3 2 5 0 2 5 1 0 1 35 10 1 0 5 0 1 19 0 15 0 0
0 0 1 1 1 0 11 0 0 3 0 5 4 8 1 6 7 1 0 11 9 3 0 0 0 2 4 0 6 3 6 0 1 0 9 16 3 0 0 15 0 0 0 1 0 5 1 0 32 0 10 3 2 10 0 0 1 0 20 13 10 0 1 3 1 0 0 5 3 1 41 0 0 0 0 0 5 16 0 0 0 3 19 0 2 20 12 5 15 0 3 5 1 10 1 2 0 25 0 0 0 1 6 8 1 0 0 4 7 4 0 0 1 0 0 0 6 0 3 1 0 1 0 7 0 4 2 2 1 1 0 7 1 0 6 4 2 0 1 9 3 11 1 2 0 0 0 26 0 0 0 14 4 2 1 1 0 2 0 2 1 6 0 3 0 0 1 5 28 0 18 2 15 6 1 25 1 9 6 16 0 3 14 10 2 6 0 3 7 6 0 2 8 0 7 0 0 24 2 2
0 1 1 1 5 0 2 0 4 4 12 12 2 6 0 10 1 0 1 5 1 2 0 0 0 10 1 0 9 10 15 0 0 0 3 14 15 0 0 0 1 0 29 8 0 21 5 0 5 1 3 0 2 11 2 0 0 1 10 10 1 0 0 2 4 0 1 12 12 0 10 2 2 0 0 0 14 9 6 3 0 3 8 0 8 3 2 25 4 0 2 1 4 10 12 1 3 5 6 0 6 0 2 4 8 0 0 1 4 0 0 2 0 0 0 4 0 0 13 12 2 1 0 1 0 8 8 9 0 1 0 2 0 2 3 2 1 1 1 13 17 14 10 10 0 0 0 34 0 0 2 17 1 1 3 0 1 1 0 0 5 18 0 0 1 1 0 6 8 17 2 15 0 13 2 0 16 10 5 0 12 20 0 19 9 10 0 10 15 20 0 17 0 0 11 1 0 4 1 5
0 10 0 10 7 0 1 0 0 12 1 6 12 1 1 13 23 0 0 2 7 0 0 0 7 1 1 16 15 0 8 0 0 0 1 2 0 8 1 4 0 0 0 11 0 12 5 1 12 2 3 0 2 30 30 1 0 1 16 0 13 0 0 0 3 0 0 6 5 0 7 1 5 0 0 0 17 0 12 0 0 15 4 0 2 7 8 3 5 1 9 2 2 0 9 5 0 2 10 3 1 0 10 22 0 0 1 14 8 14 1 0 12 0 0 2 0 0 3 0 4 1 0 0 0 1 2 0 0 1 3 4 0 0 6 1 0 0 3 9 0 4 30 10 0 0 2 8 1 2 1 19 2 0 0 0 14 2 0 1 15 7 0 0 5 1 0 0 31 0 1 25 1 3 0 8 4 8 11 1 6 6 2 0 14 13 0 4 4 12 1 36 10 0 21 13 1 4 0 0
0 5 0 1 3 0 1 1 0 3 4 3 13 5 0 13 0 0 0 6 3 11 0 0 7 2 13 15 1 2 3 0 0 0 8 5 16 0 2 2 0 1 12 15 0 31 12 0 2 0 11 1 0 25 9 1 0 0 2 17 2 0 0 2 31 0 2 0 5 1 0 6 1 9 1 0 4 0 8 0 0 8 0 1 2 2 0 1 10 0 3 2 15 1 11 7 0 0 17 0 10 10 8 4 2 0 2 1 12 3 0 0 3 0 1 2 6 1 2 1 1 0 0 4 0 36 5 10 5 4 0 9 0 0 0 0 2 0 6 2 0 3 3 1 2 2 0 1 2 0 1 18 2 13 14 1 18 11 0 1 0 5 0 2 11 2 0 4 7 0 9 5 3 2 0 6 27 37 1 5 7 4 13 1 6 8 0 1 5 6 0 1 4 0 6 6 0 0 0 0
0 6 0 20 1 2 3 4 14 7 3 10 0 1 0 10 5 0 0 8 5 0 0 0 8 1 5 2 10 7 2 0 0 0 9 6 2 1 9 12 0 0 6 10 0 4 4 0 2 0 1 8 1 1 0 0 0 0 0 3 2 0 2 1 1 1 0 15 1 2 1 25 1 1 0 0 6 2 2 0 0 0 12 1 9 6 5 0 9 0 5 5 2 2 0 1 5 8 8 0 0 5 16 36 7 0 0 8 6 5 0 0 0 0 0 8 4 1 4 10 12 4 0 51 0 4 25 1 2 1 0 2 0 0 4 2 1 2 20 2 10 0 9 11 0 0 0 0 0 0 0 0 5 14 15 1 15 1 0 1 18 17 0 7 1 3 1 8 1 1 1 5 0 2 1 10 7 10 0 1 38 8 2 0 3 0 1 1 18 3 0 5 5 0 10 11 1 2 0 0
0 0 1 3 4 0 3 1 0 1 0 23 1 1 0 8 2 1 0 2 0 0 0 0 5 1 0 3 9 0 8 7 0 1 5 14 2 0 15 3 0 0 1 0 1 25 24 0 1 1 3 4 0 2 3 0 0 0 18 3 9 3 1 7 13 0 0 8 0 0 15 15 1 5 1 0 14 5 1 0 0 1 0 0 17 20 4 18 7 0 2 0 11 16 1 2 1 1 7 0 14 3 30 31 1 0 0 3 0 0 2 0 5 1 1 4 12 0 3 6 5 12 0 10 0 15 10 2 0 10 0 7 0 0 12 5 0 1 5 0 4 0 12 11 0 0 1 14 0 0 0 1 2 1 1 0 8 9 0 0 0 2 2 0 4 0 1 3 1 0 12 29 0 4 2 6 2 11 3 22 3 1 1 19 1 3 0 21 7 14 0 9 1 0 4 2 0 8 3 0
0 3 0 5 9 3 29 0 0 11 33 3 3 14 1 7 4 1 1 3 5 3 1 0 0 3 2 4 9 1 44 0 0 0 0 7 12 0 2 17 0 0 2 12 0 1 1 0 12 1 10 1 0 8 13 0 1 0 2 6 1 0 0 2 5 0 1 12 2 0 6 0 6 2 2 1 6 1 2 3 0 10 4 0 14 1 8 1 16 0 7 1 3 3 1 2 3 8 8 1 3 4 24 0 6 0 0 22 12 0 0 0 9 0 2 4 0 0 1 0 2 8 0 3 0 7 10 3 0 8 0 6 1 1 18 5 0 1 18 7 9 2 36 3 2 0 0 10 0 0 0 5 5 0 13 1 7 10 0 8 6 0 0 1 2 1 2 0 2 1 1 50 1 11 1 6 21 2 0 48 12 16 3 6 34 2 0 1 5 13 0 19 3 0 1 2 1 1 0 0
0 9 0 2 3 0 2 1 2 4 10 7 10 3 0 5 0 1 0 3 3 0 0 0 1 2 1 3 4 3 2 1 1 0 2 7 2 0 1 0 0 0 0 6 1 15 17 0 1 0 11 2 4 9 5 0 0 0 12 1 11 0 1 1 1 0 1 0 1 0 6 10 7 5 0 2 0 1 6 3 0 2 3 0 3 14 3 8 0 1 0 6 4 9 6 2 0 6 5 0 2 13 1 4 4 2 2 18 0 8 0 0 4 0 1 6 12 0 5 0 11 0 0 2 0 4 6 3 1 32 0 13 0 0 4 1 0 0 14 8 5 11 3 5 0 0 0 8 0 0 1 3 7 1 8 30 2 0 0 0 0 4 0 2 11 2 0 1 14 0 6 0 1 3 1 3 14 2 10 0 0 7 5 1 17 3 0 1 12 1 0 2 0 0 16 2 1 6 0 0
0 10 0 4 2 0 11 5 0 6 1 3 15 4 0 5 0 0 0 1 0 4 2 0 4 27 13 4 3 7 18 0 2 0 14 9 1 0 8 0 1 0 15 23 0 4 17 0 4 0 0 0 0 6 3 0 0 0 8 7 2 0 3 1 9 0 0 8 0 0 0 4 4 0 0 0 0 5 3 0 0 3 2 1 1 29 11 6 0 0 13 2 5 1 1 3 1 5 11 0 2 6 4 4 0 0 0 12 3 12 1 0 0 2 0 1 7 0 0 0 16 0 0 1 0 2 7 0 4 4 1 31 0 0 9 8 1 0 6 8 1 16 0 10 0 2 0 5 0 0 0 16 0 13 17 1 1 0 1 1 4 0 0 3 5 0 0 7 3 0 13 23 0 1 0 10 0 1 3 6 10 0 14 0 13 19 1 1 28 11 0 10 2 0 1 1 0 24 0 1
0 3 1 14 1 1 4 9 3 1 7 8 7 0 0 10 4 0 0 0 0 3 0 0 0 6 7 4 1 1 2 0 0 0 11 3 0 0 1 5 0 0 8 5 0 7 4 0 0 0 0 6 0 19 4 0 2 0 8 1 7 0 0 7 21 1 0 26 6 0 6 0 0 2 1 0 10 0 5 0 0 3 2 1 12 4 9 13 3 0 3 1 0 7 6 1 1 4 2 0 0 9 9 8 1 1 0 8 9 8 0 2 2 0 0 4 9 0 6 1 2 0 0 18 0 5 0 1 0 9 2 7 0 2 12 1 1 0 26 0 1 2 38 5 0 0 0 1 0 0 0 8 4 27 9 1 5 2 0 0 8 9 3 8 5 0 0 10 2 0 16 10 0 1 4 7 31 7 2 16 7 3 42 2 4 2 1 1 3 4 0 19 17 0 15 8 0 0 0 1
0 7 2 20 15 0 0 5 0 1 9 5 14 3 1 4 6 0 0 11 0 1 2 0 4 5 9 2 8 5 2 0 1 0 5 13 23 0 2 1 0 0 0 8 1 11 19 0 12 0 10 2 0 5 15 0 0 1 25 6 4 0 0 8 40 0 0 3 5 2 10 2 2 1 0 0 18 0 0 0 0 1 1 0 10 2 5 0 0 0 0 2 0 5 12 1 0 5 0 0 7 1 2 10 1 2 0 1 15 5 0 0 2 0 1 0 0 2 5 0 3 4 1 12 0 3 5 7 1 20 0 2 0 0 3 4 0 5 3 0 3 12 0 16 3 0 1 3 1 0 0 11 4 0 1 1 17 31 0 4 3 5 1 0 0 2 0 5 0 0 1 5 15 5 3 9 3 2 4 29 2 5 1 4 4 8 1 2 1 22 0 2 4 0 10 4 0 2 1 0
0 12 0 12 1 1 1 0 0 2 10 23 21 1 0 35 14 0 1 4 1 1 1 1 2 0 3 10 2 5 7 0 0 0 1 12 6 0 6 4 0 0 16 2 0 0 5 1 3 0 2 1 0 3 2 0 2 2 12 2 2 0 2 7 4 0 0 4 8 1 11 13 3 6 0 0 0 7 1 2 1 4 0 0 19 6 3 4 1 1 0 2 0 3 1 8 0 3 5 0 1 5 34 0 1 0 0 6 1 0 0 0 0 0 0 2 1 1 0 4 2 7 1 4 0 8 0 2 0 11 0 3 0 1 8 0 1 0 12 0 11 0 12 0 0 0 0 2 1 0 0 8 0 6 0 0 6 2 0 7 14 1 0 0 3 0 0 8 0 0 11 4 11 21 3 9 14 1 1 3 23 3 0 2 10 2 0 0 26 28 1 2 5 1 5 5 0 2 0 0
0 2 0 16 12 0 0 3 7 19 2 2 18 18 0 4 0 0 0 7 10 2 1 1 5 1 10 0 1 3 5 0 0 0 7 0 3 0 8 4 0 0 11 21 0 3 2 1 0 0 5 21 2 2 2 0 0 0 9 5 2 0 0 12 13 0 0 19 22 0 9 5 1 0 0 0 0 4 3 0 1 5 1 6 10 0 2 0 7 1 19 0 0 3 1 4 0 1 10 1 2 0 46 24 17 0 0 0 2 13 0 0 2 0 0 1 4 0 0 3 1 10 0 1 0 5 0 7 0 14 0 7 0 11 12 3 0 0 1 2 0 14 41 10 0 0 0 13 0 0 1 18 5 0 6 0 1 7 0 0 5 8 0 2 5 0 0 0 1 4 0 21 2 0 0 7 5 3 7 2 38 14 8 0 2 5 2 6 20 5 0 12 4 0 3 0 0 6 0 2
0 0 0 5 14 0 6 18 0 1 4 15 25 0 0 9 7 0 0 23 7 0 0 0 6 3 1 14 2 10 8 0 0 0 18 17 0 1 0 0 0 0 5 12 2 8 6 0 10 0 2 31 1 0 3 0 0 0 1 5 1 0 0 2 7 0 0 8 7 0 4 3 29 5 0 0 26 13 11 0 0 1 1 0 0 6 2 7 15 1 0 5 3 3 1 3 1 6 12 0 1 0 1 5 5 1 0 3 2 0 1 0 1 0 0 4 1 1 5 3 6 1 0 3 1 0 6 4 0 1 2 2 6 0 8 7 0 0 1 2 4 6 11 10 0 0 0 1 2 0 0 0 3 14 7 0 6 4 1 0 0 6 0 1 0 0 0 12 15 0 3 1 2 0 0 3 4 8 2 7 0 22 5 5 31 0 0 3 12 8 0 8 8 0 5 4 0 14 1 1
1 9 1 10 13 4 3 1 3 6 8 0 18 0 0 2 32 0 0 2 1 0 0 0 13 7 0 5 4 27 18 0 0 0 0 5 6 1 1 4 0 0 0 9 0 9 19 0 4 0 6 6 1 0 6 0 0 0 0 2 13 0 0 3 8 0 0 4 7 0 8 4 4 2 0 0 9 15 10 0 0 0 2 0 0 4 2 6 4 1 4 12 3 5 1 3 5 1 0 0 1 9 5 4 0 3 0 12 15 1 0 0 2 0 0 9 0 0 2 1 1 1 0 7 0 2 0 9 0 7 0 1 0 0 15 4 1 2 12 1 0 5 1 1 1 0 1 2 0 0 0 3 2 1 18 0 2 23 0 9 1 1 0 4 1 0 0 14 6 1 0 0 1 21 0 0 15 9 4 36 2 10 6 0 8 4 1 16 3 1 0 3 4 1 32 3 1 6 0 1
2 3 0 21 1 0 2 1 1 13 19 4 2 4 1 15 0 0 1 14 18 4 1 0 1 6 6 1 22 0 11 1 0 0 1 8 24 1 11 2 2 0 3 18 0 0 11 0 1 0 37 6 1 18 10 0 0 0 0 7 0 0 0 4 24 0 0 1 2 0 9 2 0 1 2 0 2 3 2 1 2 1 1 0 22 24 2 1 6 0 0 7 1 0 3 12 0 0 11 1 1 0 11 16 11 1 0 3 0 6 0 0 0 0 0 7 1 5 1 2 0 3 0 0 0 6 0 17 0 5 0 12 0 0 12 0 0 0 19 3 16 1 7 2 0 0 1 13 0 0 1 32 1 3 0 0 13 5 5 1 2 1 0 1 0 0 1 2 6 0 3 2 4 5 3 17 5 9 0 23 3 7 12 6 16 1 0 0 3 9 1 0 0 3 17 7 1 2 0 2
1 0 0 8 9 1 0 1 0 4 5 1 3 7 0 0 1 0 0 6 7 1 0 0 2 0 9 0 1 0 8 0 0 0 2 6 4 1 0 16 1 1 3 0 0 0 17 0 2 2 8 3 0 6 3 0 0 0 16 0 6 0 0 4 3 0 0 6 1 0 2 2 0 6 0 0 15 0 0 0 0 3 13 0 12 3 1 14 3 0 13 3 1 3 0 3 1 0 2 0 1 1 6 1 0 0 0 1 16 1 0 1 0 10 0 6 5 0 1 6 3 4 0 29 0 2 3 0 0 12 0 11 0 1 0 0 1 0 4 1 18 8 6 5 2 0 0 11 2 1 0 2 0 0 1 3 7 4 0 3 0 2 3 19 2 1 0 10 7 0 0 6 4 2 11 1 6 1 3 6 6 13 11 0 2 21 0 2 0 1 1 14 0 0 4 3 0 46 0 1
1 4 0 29 1 0 6 1 0 9 21 7 16 8 0 1 5 0 0 12 4 8 1 0 27 0 8 21 8 6 9 0 3 1 9 3 7 0 1 1 0 0 13 2 0 3 2 0 6 0 6 2 1 24 8 0 0 0 38 4 1 1 0 13 8 0 0 2 0 1 4 2 4 3 6 0 4 2 0 0 0 1 4 0 8 5 3 2 4 0 2 3 3 12 11 2 1 1 1 1 1 6 14 14 2 0 0 1 6 12 1 0 1 1 0 3 4 0 0 5 1 0 2 7 0 1 2 0 1 16 2 2 1 2 8 23 0 0 13 2 0 10 1 21 1 0 0 5 0 0 0 1 15 3 4 2 1 0 3 3 1 22 0 0 3 5 0 14 2 0 5 13 6 7 4 10 22 4 8 1 12 2 1 15 1 2 1 5 7 23 0 16 3 2 7 3 0 4 1 0
1 10 0 2 0 0 4 2 0 1 9 13 9 1 0 2 6 0 0 3 4 2 0 0 0 0 2 9 22 2 43 0 0 0 4 2 5 0 6 7 2 0 1 2 0 7 0 0 1 0 4 2 7 8 11 1 0 2 18 0 4 1 2 6 1 1 1 4 11 1 7 3 0 1 0 0 4 0 8 0 0 5 2 0 1 3 4 2 10 1 0 4 4 2 4 2 0 2 3 1 1 0 5 5 4 0 0 2 1 0 0 3 5 0 1 1 4 0 0 0 0 5 0 9 0 14 16 27 0 9 0 8 1 0 8 7 0 0 0 4 4 3 0 4 0 1 0 6 0 0 0 21 9 4 6 0 1 2 0 1 5 6 0 4 11 0 1 20 4 0 1 3 0 14 12 7 19 3 0 13 10 1 5 1 20 9 1 15 1 4 0 3 4 2 4 5 0 17 0 0
1 3 0 30 4 0 1 8 1 11 12 4 3 12 0 3 17 0 0 2 9 1 0 0 8 10 8 1 0 0 0 2 0 0 17 24 0 1 1 4 0 2 13 14 0 1 5 0 2 0 10 10 10 13 0 0 0 1 1 13 1 0 0 5 7 1 0 1 2 0 4 0 9 9 1 1 6 0 2 0 0 2 0 0 8 2 2 5 2 0 2 4 1 4 5 2 0 15 15 1 3 10 0 14 2 1 3 13 6 2 0 0 2 0 1 1 17 0 0 2 7 3 0 11 0 2 7 9 0 7 0 24 0 0 6 0 0 2 5 7 5 2 18 9 0 1 1 0 0 0 0 0 10 7 1 1 11 2 0 0 0 3 2 2 1 0 0 7 2 1 0 1 2 0 3 7 10 6 3 13 1 1 10 5 0 6 0 5 0 9 0 18 3 1 4 2 3 0 1 0
0 3 0 51 10 0 2 1 0 0 3 7 19 1 0 9 0 1 0 8 6 1 1 0 1 2 4 23 9 12 14 1 0 0 2 7 2 0 0 3 0 0 5 3 0 2 4 0 15 0 8 2 1 3 26 1 1 0 10 5 0 0 0 1 5 0 0 1 0 0 10 0 0 3 1 0 6 1 1 0 0 2 1 0 16 19 1 13 7 0 2 1 6 2 2 0 0 0 3 0 2 14 5 1 7 0 0 16 7 6 0 1 0 2 1 9 19 0 0 4 7 0 0 0 0 33 0 12 7 1 2 8 0 1 13 1 0 1 8 2 6 17 7 5 0 0 0 2 0 0 0 14 0 3 3 0 13 4 0 1 2 0 1 3 0 0 0 0 7 0 8 6 9 10 3 3 4 3 0 20 0 0 10 5 7 3 0 6 6 0 0 8 1 0 3 4 0 12 0 0
0 0 1 0 6 0 5 2 2 0 2 2 1 0 0 5 0 0 0 11 4 4 0 0 26 0 0 5 5 1 34 1 0 0 1 3 11 0 1 0 1 0 23 1 0 5 9 0 23 4 2 7 3 6 4 0 0 1 6 5 0 0 0 5 5 2 0 2 12 0 1 3 0 2 1 0 10 8 4 8 0 4 3 0 10 14 5 0 9 0 2 0 8 2 9 1 0 8 5 0 0 2 4 12 5 0 0 4 1 1 1 0 3 0 0 2 4 3 6 8 0 6 0 5 0 18 0 5 1 11 0 7 0 1 0 1 0 1 11 1 4 0 2 37 0 1 0 22 0 0 1 12 0 0 1 4 8 17 0 2 14 19 0 6 21 1 2 3 19 0 10 0 6 1 14 24 1 7 2 16 31 1 1 14 9 0 0 2 7 22 4 42 19 0 1 16 0 2 0 0
1 1 0 1 1 0 3 2 0 0 5 1 10 4 0 1 1 0 0 20 2 0 0 1 2 4 0 14 0 11 8 0 0 1 9 11 4 1 4 8 0 0 24 7 0 1 0 1 2 0 18 1 1 0 7 1 1 0 14 16 4 0 0 6 3 2 0 4 10 0 3 0 1 0 2 0 5 1 40 1 0 2 0 1 32 11 2 17 34 0 3 4 4 1 0 6 1 9 1 0 0 5 4 2 5 0 1 0 2 1 1 1 1 0 0 1 10 0 5 4 0 0 0 6 0 0 9 8 0 0 0 0 0 1 19 15 0 0 7 5 1 12 4 0 0 0 0 9 0 0 0 10 2 0 1 0 1 10 2 3 6 5 0 13 4 0 1 9 16 4 10 3 1 0 11 6 3 1 9 1 5 8 2 2 10 3 3 3 2 5 0 9 1 0 0 1 1 11 1 5
0 4 0 12 16 0 7 1 0 5 19 33 6 0 1 4 7 1 0 7 1 2 0 2 23 9 0 2 10 20 6 0 0 0 1 11 0 1 2 6 0 3 0 12 1 16 2 1 17 1 3 0 8 4 2 0 0 0 2 1 9 0 1 1 4 0 0 9 20 1 0 0 3 2 2 2 9 1 0 1 0 5 7 0 19 17 10 1 18 0 3 0 2 0 2 3 0 0 10 0 4 0 1 1 7 0 0 9 0 16 2 0 1 0 0 13 6 1 2 0 1 7 1 4 0 24 6 8 0 20 1 4 1 0 14 14 0 0 8 10 37 5 4 13 0 0 1 36 2 1 0 6 0 0 12 0 8 49 0 13 3 6 1 0 0 0 0 15 9 0 6 0 5 0 3 16 4 6 5 4 1 6 20 12 6 7 0 1 25 9 0 0 3 0 2 12 1 0 0 0
0 2 0 5 4 0 0 0 0 0 0 12 0 0 0 4 2 0 0 8 0 0 0 0 3 0 3 4 0 1 9 0 3 1 1 6 2 0 7 26 0 0 12 1 0 14 31 0 25 1 5 0 5 4 5 0 0 1 8 14 0 0 2 15 6 1 2 1 3 4 10 5 1 3 2 1 1 10 12 0 0 2 1 0 9 3 24 3 6 0 15 3 4 2 5 3 1 0 2 0 2 2 2 3 7 1 1 2 6 4 0 0 5 1 1 5 32 0 4 9 26 8 0 13 0 9 6 26 1 3 0 3 1 3 0 7 1 1 6 0 2 18 3 13 2 0 0 0 0 0 0 5 2 7 5 0 4 2 3 2 11 1 4 1 2 0 0 9 3 0 11 6 0 3 0 14 2 19 5 1 22 12 10 0 2 1 0 16 29 13 1 3 10 1 1 0 0 0 0 0
1 5 0 10 6 0 21 3 0 0 6 3 6 0 1 8 1 0 1 6 4 1 0 1 1 9 9 0 9 3 0 0 0 0 32 15 12 1 0 8 1 0 8 5 0 1 2 0 5 0 0 3 2 0 1 1 0 0 0 0 8 0 0 0 0 0 0 8 12 0 2 0 1 1 0 0 3 8 10 0 0 1 7 1 1 5 2 11 8 0 0 1 2 0 1 4 0 0 3 0 0 4 0 12 3 1 0 6 10 1 0 1 4 0 0 5 1 1 13 6 1 3 0 2 1 0 5 5 0 0 1 9 0 0 21 0 0 0 0 0 12 3 44 4 1 0 0 14 0 0 0 20 0 8 3 0 1 7 0 3 2 7 0 0 2 0 0 10 5 0 28 4 4 0 13 9 20 7 5 2 24 8 1 0 16 1 0 2 3 0 0 6 5 0 2 2 1 2 0 1
0 1 0 36 8 1 3 0 0 0 22 13 0 0 0 18 11 0 0 4 2 1 0 2 3 3 4 17 18 2 1 0 0 1 1 10 0 0 0 11 0 0 0 4 1 9 11 1 1 0 1 2 6 17 17 0 0 0 13 8 7 0 1 4 0 0 0 5 1 0 15 17 5 0 3 0 0 7 3 1 0 5 2 0 24 6 3 3 3 0 1 6 3 1 3 0 1 2 3 0 3 6 5 14 13 1 0 2 2 12 2 0 0 0 1 3 20 0 5 4 4 1 0 0 0 0 1 7 0 20 0 6 0 0 6 5 0 0 7 0 1 10 0 6 0 0 1 11 1 0 0 2 0 0 0 0 1 7 0 5 0 11 0 0 4 1 1 4 8 0 8 15 0 0 3 13 3 0 1 1 14 9 2 2 13 9 0 0 1 10 0 1 4 3 2 1 0 16 1 0
0 0 1 10 2 1 1 4 1 3 0 12 11 3 0 5 3 1 0 1 0 5 0 1 1 8 4 10 5 1 11 0 1 0 3 0 1 2 1 7 0 0 1 9 0 1 52 0 3 0 42 3 3 10 7 0 0 0 0 0 2 1 1 1 19 1 1 0 4 0 4 2 0 1 0 2 0 12 3 0 0 0 2 0 13 14 7 11 1 0 0 8 0 3 9 3 4 24 22 0 0 3 17 1 5 0 0 0 13 0 4 0 0 0 0 3 3 0 0 2 0 0 1 6 0 13 0 1 1 4 0 2 1 0 17 1 0 0 5 1 30 5 26 2 0 0 0 2 0 1 0 0 5 2 3 1 3 13 1 25 3 2 0 6 0 0 2 8 13 1 2 11 5 0 1 1 1 0 11 12 8 3 18 1 11 3 1 5 23 30 1 20 3 0 8 1 1 1 0 0
0 0 1 16 1 0 4 1 1 2 10 16 17 7 4 18 0 0 1 17 2 10 0 0 15 2 0 2 18 1 4 0 1 0 18 3 0 1 0 8 1 1 5 30 0 0 7 1 1 0 13 3 1 2 22 0 0 1 13 7 0 0 2 0 5 2 1 0 16 1 15 3 1 3 0 0 13 8 4 1 0 2 10 0 11 7 0 2 3 0 3 5 7 9 5 0 0 0 5 0 0 2 39 41 5 2 0 1 17 11 0 0 1 0 0 7 20 0 0 0 9 4 0 3 0 0 1 6 0 11 1 13 1 0 0 1 0 1 6 7 5 11 34 5 0 0 0 5 1 1 0 4 14 4 7 0 3 3 0 1 3 6 0 13 8 1 0 14 6 0 3 18 0 2 9 4 14 4 3 21 12 13 3 3 11 3 0 0 5 5 1 1 7 0 2 3 0 5 1 0
0 10 1 9 33 0 0 0 0 1 1 26 1 5 0 9 2 0 0 11 1 3 1 0 2 1 5 3 6 42 4 0 0 0 6 7 2 0 0 18 0 1 2 9 0 0 12 0 5 1 15 0 14 3 0 0 0 0 10 0 0 0 0 1 7 0 0 13 4 0 5 6 7 6 0 0 1 0 16 0 0 4 3 1 11 3 1 22 3 0 2 5 3 4 4 5 0 10 5 0 0 2 1 15 11 0 1 1 9 9 0 0 1 3 1 1 1 2 6 5 8 0 0 3 1 0 2 7 5 7 0 1 0 1 2 1 0 0 1 10 2 8 1 14 4 1 0 10 1 0 0 12 3 5 0 0 0 0 0 0 9 23 0 1 2 1 0 0 5 2 5 7 8 3 26 12 14 1 7 0 2 13 3 9 0 8 0 0 0 1 0 27 4 1 4 1 0 4 0 0
0 4 1 1 9 0 0 3 0 1 1 3 3 3 0 1 2 1 0 51 2 0 0 1 32 2 9 13 9 5 0 0 0 2 1 34 6 0 1 10 0 0 21 2 0 4 0 7 1 2 11 11 5 3 4 0 0 0 2 4 4 0 0 9 13 1 0 0 1 0 3 3 11 2 1 0 7 7 2 0 0 6 2 1 0 7 1 3 11 0 0 3 6 2 5 21 1 1 13 0 2 4 1 6 3 1 0 0 1 6 0 0 0 0 0 4 10 1 3 1 5 3 0 10 0 1 2 6 1 5 0 2 0 3 19 2 0 0 19 4 2 7 8 4 1 0 1 2 0 2 0 9 3 0 2 0 22 1 1 7 0 57 1 5 2 1 0 1 8 1 0 10 2 4 2 6 15 2 0 8 13 8 6 13 9 1 0 0 6 12 1 4 12 1 0 1 3 3 2 9
0 1 0 3 3 0 4 4 0 17 10 2 8 1 0 49 7 0 0 1 2 1 1 0 6 4 8 5 1 14 4 0 0 0 11 6 18 0 1 7 1 1 25 0 0 19 6 1 0 0 1 0 6 19 2 1 0 3 9 38 5 0 1 0 12 1 0 13 12 0 4 6 4 0 1 0 9 11 10 0 0 3 2 0 12 3 7 28 2 0 3 3 10 0 0 2 11 4 8 0 0 2 2 10 1 0 0 1 4 0 0 2 8 5 1 1 3 0 2 0 2 0 0 19 0 10 0 3 0 7 0 40 0 0 13 0 0 0 2 5 3 2 7 6 0 0 1 0 2 3 0 8 5 1 0 0 18 5 0 8 7 6 0 1 4 0 0 1 7 0 3 12 0 5 8 5 6 5 5 8 18 2 4 7 2 2 1 1 13 14 22 1 19 0 1 0 0 14 0 1
0 6 0 1 0 0 2 0 0 5 8 5 1 9 0 11 1 0 2 3 0 0 0 0 5 1 0 2 31 1 3 0 1 1 3 2 19 0 0 7 0 0 12 5 0 14 0 0 26 0 0 0 3 29 2 0 0 0 20 6 3 0 1 5 1 1 1 13 5 1 1 2 7 0 0 0 10 7 0 0 0 0 3 4 22 2 4 18 2 0 2 13 6 4 0 4 14 3 14 3 1 1 4 8 3 1 2 3 0 5 2 1 0 0 2 7 7 1 3 4 4 0 1 1 0 1 1 1 0 8 0 0 0 0 5 13 0 0 11 0 10 8 26 1 0 0 0 0 1 1 0 7 1 5 5 0 1 13 0 1 0 8 0 2 0 3 1 28 10 0 5 8 0 0 3 12 43 13 36 5 1 0 3 5 3 6 3 0 7 4 0 10 1 0 5 1 3 5 2 2
0 8 0 3 11 0 1 0 0 0 16 5 7 5 0 2 18 0 0 3 7 8 1 1 11 0 2 16 7 14 9 0 0 1 3 12 1 0 7 12 0 0 4 0 0 5 8 3 3 0 11 0 0 5 2 2 0 0 0 3 1 0 0 4 3 0 0 3 19 1 12 4 4 3 1 1 30 1 10 0 1 1 9 0 2 0 1 1 5 0 8 4 3 0 2 9 0 0 3 0 0 11 5 7 5 0 1 10 4 3 0 2 2 0 0 8 7 0 4 0 0 0 0 13 0 4 11 8 11 6 0 13 1 1 2 3 2 1 2 7 6 0 7 2 0 0 0 8 0 0 1 2 0 4 9 0 2 18 0 0 18 1 0 6 3 0 0 2 39 0 2 3 2 2 1 38 8 0 10 9 1 8 3 0 0 1 1 3 2 13 0 19 1 0 4 0 0 3 1 0
0 1 0 9 0 0 2 10 0 0 1 8 7 0 0 0 0 0 2 1 6 5 0 0 8 20 7 0 3 17 0 0 0 0 2 6 12 0 3 3 0 0 10 4 0 0 19 0 5 0 6 2 8 3 7 1 2 1 2 0 1 1 1 0 0 0 0 3 20 1 9 7 2 2 31 0 2 3 9 0 0 0 10 0 24 11 1 14 6 0 8 0 2 3 1 13 3 10 0 0 3 6 7 6 0 1 0 8 7 10 1 1 1 0 0 4 4 0 5 7 0 1 2 8 0 0 1 2 0 8 0 12 0 0 15 1 0 1 0 1 2 2 19 5 0 1 2 1 0 0 0 5 1 0 19 0 9 5 0 2 3 1 2 8 0 0 2 5 9 2 26 14 0 3 3 0 0 9 3 7 1 26 25 4 41 7 0 12 0 2 1 1 2 5 11 1 0 6 0 4
0 1 0 5 0 1 1 0 0 2 3 20 7 6 0 1 4 1 0 5 2 7 1 0 0 1 3 10 1 26 16 0 0 1 12 3 15 0 6 8 0 1 12 7 1 3 3 0 3 2 2 4 1 3 3 0 1 0 23 16 11 0 1 0 19 1 0 4 1 0 3 2 16 0 0 1 8 11 6 0 0 0 2 0 58 11 7 6 6 0 0 0 4 2 4 9 2 2 7 0 6 0 0 7 4 0 1 0 2 0 0 0 0 2 4 1 2 0 8 0 0 3 0 8 1 6 5 1 0 0 0 8 0 0 4 3 4 2 8 8 16 1 6 11 0 0 0 18 0 1 1 0 5 3 24 0 33 2 1 13 14 27 2 3 8 0 6 0 1 0 3 6 0 0 3 0 6 10 1 0 17 9 6 1 4 0 1 0 12 1 0 0 13 0 19 5 0 1 1 14
0 3 1 5 14 0 11 3 0 0 4 6 3 3 0 0 3 0 0 11 3 1 2 0 33 0 0 14 1 2 1 1 1 0 0 5 8 0 0 4 0 0 6 3 0 1 3 1 30 0 3 7 0 19 2 1 0 0 3 3 7 0 1 2 0 0 0 8 4 0 7 1 5 27 1 0 8 3 0 1 0 1 1 1 4 3 1 2 18 0 2 0 11 0 5 11 1 1 3 0 8 5 0 2 2 0 0 0 0 7 1 0 2 2 0 4 3 4 0 0 10 6 2 0 1 7 5 4 0 0 0 1 0 2 1 1 0 0 0 9 4 20 0 2 0 0 0 1 0 2 0 7 5 0 2 1 4 17 2 10 1 3 1 0 8 2 0 14 9 0 12 1 1 4 6 0 12 23 1 6 4 18 4 7 2 1 1 3 33 1 0 26 2 0 0 6 0 19 1 1
0 0 0 0 17 0 4 1 1 1 13 13 1 1 2 12 0 0 3 7 2 15 0 0 12 2 8 18 4 3 4 1 0 0 3 16 0 0 0 1 1 0 10 0 0 4 5 1 2 0 3 7 0 2 13 0 1 0 15 0 0 1 0 6 4 1 0 2 9 0 9 9 0 1 0 0 0 8 11 0 0 3 0 1 12 19 27 5 2 0 2 6 0 3 1 13 0 0 6 0 2 0 4 8 3 0 0 2 0 12 0 0 14 0 0 0 15 0 0 0 7 1 0 32 0 20 5 1 0 0 1 27 1 0 1 0 0 1 14 0 0 4 2 6 0 2 0 9 0 0 0 0 0 2 9 1 4 11 0 0 3 1 1 14 2 0 0 4 8 0 0 1 10 0 3 2 0 7 1 1 6 3 2 3 10 2 0 2 29 1 0 12 5 0 9 0 0 0 0 5
0 14 0 8 0 0 1 18 0 7 6 6 2 0 0 3 2 0 0 0 8 2 3 0 2 1 1 7 7 2 4 0 3 0 2 19 2 1 0 10 0 1 1 10 1 2 6 0 21 0 20 2 15 14 1 0 0 1 14 14 7 0 1 1 13 0 0 2 7 0 4 2 1 2 0 5 0 20 2 4 0 2 2 2 26 1 10 8 3 1 12 7 1 2 6 0 0 0 5 1 0 14 1 3 0 0 0 3 1 2 0 0 13 2 0 1 13 0 5 7 6 6 0 1 0 0 0 8 0 1 0 1 1 0 1 0 0 0 6 9 6 1 2 2 1 0 2 4 5 0 0 9 6 2 24 1 2 1 0 8 0 3 0 0 18 0 0 0 7 0 1 2 2 4 8 11 5 15 4 18 0 24 0 11 28 0 1 1 1 48 0 3 4 1 0 3 0 8 0 0
0 1 1 28 5 0 1 1 1 8 4 5 6 4 0 25 1 7 3 18 0 4 0 0 1 0 2 32 5 2 2 0 0 0 3 0 7 0 1 5 0 0 3 14 1 2 9 0 6 0 8 2 4 1 4 0 1 0 10 15 0 0 0 6 3 0 0 3 17 0 1 4 0 2 0 1 2 12 3 1 3 0 21 0 24 9 3 8 0 0 8 0 2 9 1 4 0 2 0 0 11 1 9 7 4 0 0 3 14 1 2 0 0 0 0 4 7 1 7 6 9 5 1 2 0 0 6 0 0 4 0 9 0 0 6 4 0 0 0 2 12 8 15 3 0 0 0 5 1 0 0 7 3 0 4 0 5 13 0 5 6 1 1 1 0 0 0 1 13 0 3 0 0 0 1 20 14 2 3 22 2 12 8 1 1 19 0 8 0 3 0 1 17 0 26 6 0 9 0 0
1 0 1 1 7 0 4 1 1 4 5 5 5 5 0 3 0 0 1 0 11 2 0 0 9 0 0 0 11 6 11 0 0 1 5 8 4 0 10 5 1 0 17 4 0 2 1 0 8 1 6 2 1 0 9 0 1 1 2 12 4 1 1 3 11 1 0 3 3 0 1 4 5 1 0 0 1 29 20 0 0 1 0 0 14 9 0 10 20 5 8 0 4 2 5 8 3 1 9 0 0 0 2 6 0 0 1 0 23 8 0 0 0 0 1 2 3 0 3 1 0 1 0 6 1 22 3 16 0 18 0 2 0 1 8 1 0 0 10 22 0 8 11 3 1 0 0 0 0 0 0 13 9 1 12 1 27 16 1 2 5 7 0 1 2 0 0 12 24 0 21 3 2 4 5 4 18 4 4 22 4 27 2 6 14 6 0 4 8 0 0 8 9 0 14 2 0 7 1 5
1 0 0 2 24 0 4 0 2 3 4 4 7 3 0 29 6 0 0 0 0 8 0 0 53 2 15 1 4 0 8 0 0 1 3 4 7 0 4 9 1 1 1 27 0 1 3 1 7 0 5 6 0 1 1 0 0 1 1 4 5 0 0 0 5 1 0 15 3 0 14 3 4 9 1 0 4 8 2 9 0 1 4 0 4 6 0 6 0 2 3 2 1 3 4 4 0 6 1 0 4 6 13 15 1 1 0 2 22 1 0 1 8 0 2 4 6 0 2 8 0 3 0 5 0 34 3 33 0 10 0 7 0 0 6 9 0 0 0 9 12 29 2 0 0 0 3 39 0 1 0 0 1 8 1 6 13 7 0 2 4 18 0 3 7 1 0 4 25 2 16 6 0 12 5 2 5 1 6 1 16 5 10 1 0 4 0 2 9 8 0 4 3 0 5 1 0 14 2 0
0 1 0 0 10 0 5 14 0 6 11 1 15 1 0 27 6 0 0 3 5 0 0 1 2 3 0 0 7 45 9 1 0 0 2 49 0 0 4 2 0 0 1 41 0 3 20 1 3 2 5 1 0 1 11 1 2 0 4 1 6 0 0 2 22 1 0 11 17 0 16 1 1 8 1 0 18 10 1 1 0 4 2 1 5 0 0 2 9 0 5 14 19 7 0 9 0 2 13 2 6 6 0 0 1 0 0 1 2 6 0 0 2 0 0 0 13 0 0 4 6 1 0 0 1 22 0 3 0 0 0 1 0 0 6 5 0 2 21 4 6 0 15 1 0 0 0 16 0 0 0 3 7 1 5 9 0 0 0 1 4 2 0 2 1 1 0 0 5 0 3 5 0 13 5 5 3 12 4 0 0 0 7 1 4 0 1 2 19 12 0 10 2 0 2 0 1 3 0 1
0 1 2 6 9 0 1 9 0 15 3 8 7 4 0 3 2 0 2 3 0 1 0 0 1 3 0 3 10 21 18 0 0 0 0 1 4 1 0 4 0 4 1 7 0 12 8 0 2 1 4 1 15 6 1 0 2 0 22 2 1 0 0 4 3 0 1 0 17 0 26 6 2 0 0 0 10 16 1 3 1 0 12 0 6 1 28 4 12 1 6 4 2 0 0 3 0 22 8 0 9 11 8 8 1 0 0 1 5 5 0 0 3 1 0 12 12 1 2 0 2 1 0 3 1 11 5 26 0 2 0 3 0 1 4 0 0 0 27 12 1 10 6 3 1 0 0 6 2 0 0 4 0 2 3 2 4 3 1 9 16 10 1 1 1 0 0 3 3 1 2 4 0 1 3 1 14 5 7 1 3 10 7 0 1 1 1 7 5 23 1 3 8 0 9 1 0 1 0 0
0 2 0 8 0 0 9 5 1 1 6 18 7 0 0 3 7 0 1 6 2 2 3 2 9 5 0 0 4 1 5 0 0 1 4 4 0 0 9 12 0 2 3 2 1 2 2 0 5 0 0 41 0 7 14 0 0 1 9 6 1 0 0 5 0 1 1 2 1 0 27 0 8 3 0 0 1 0 12 0 0 8 5 0 7 4 1 0 3 1 5 0 5 0 0 2 0 9 9 0 2 0 35 0 0 2 0 4 0 0 0 0 2 0 0 0 2 0 1 0 0 2 0 4 0 4 15 9 0 14 1 15 1 0 4 6 0 1 23 3 2 2 8 0 0 1 0 4 0 1 0 1 8 0 15 9 6 7 0 6 0 0 0 1 7 0 0 2 9 0 12 2 7 2 1 2 40 4 1 0 0 4 8 1 6 3 1 1 7 6 0 23 3 0 40 0 0 10 0 0
0 3 0 0 4 0 6 1 0 4 3 3 4 0 1 0 5 0 0 1 6 5 1 0 7 1 1 15 15 25 6 0 0 0 5 9 3 0 0 5 0 0 7 19 0 5 3 0 5 4 2 1 5 1 28 0 0 0 2 8 1 0 0 4 12 0 0 5 0 6 2 2 5 0 1 0 29 0 10 0 0 1 2 0 15 15 17 7 1 2 1 2 6 3 2 3 11 11 11 0 4 5 2 2 2 0 0 21 1 9 0 4 0 0 0 3 0 1 2 1 6 1 0 4 1 3 12 2 1 2 0 2 1 0 10 1 0 0 11 4 31 7 2 8 2 0 0 2 1 0 0 4 1 0 2 2 15 0 0 0 11 0 0 4 5 0 0 8 11 0 10 3 6 5 0 4 5 8 4 6 1 4 11 1 4 7 0 3 8 7 2 36 0 0 9 13 2 29 1 3
0 0 2 13 3 1 1 8 0 1 1 2 1 6 0 8 7 0 0 3 2 2 0 0 27 9 9 3 3 4 0 0 1 0 14 1 4 0 4 5 1 0 13 2 0 2 2 0 47 1 12 3 0 22 6 0 0 0 16 19 4 0 1 12 2 0 0 15 3 0 0 0 0 0 0 0 3 1 20 0 0 1 1 3 0 10 1 9 3 0 0 1 4 8 1 2 1 0 5 0 2 0 3 12 0 0 1 3 12 4 2 0 2 0 0 1 10 1 7 0 0 1 0 3 0 15 4 0 1 28 0 7 1 1 4 2 0 0 8 5 5 12 2 1 0 1 0 6 0 1 0 20 1 1 7 0 0 0 0 8 1 6 0 3 1 0 0 7 0 0 0 23 0 1 2 0 3 1 1 1 19 13 0 18 4 3 1 4 5 5 0 25 2 0 0 19 0 2 0 0
0 2 0 6 2 0 0 0 0 39 3 13 3 0 0 9 10 0 0 4 1 3 0 0 9 1 5 15 0 18 6 1 0 0 11 2 2 0 0 15 4 0 25 11 0 5 20 2 0 0 9 6 0 1 5 0 0 0 2 2 5 0 1 1 3 0 0 7 9 0 1 10 1 1 0 0 1 6 6 0 0 6 2 0 9 10 0 1 11 0 5 0 0 3 1 0 6 5 7 1 6 2 11 3 1 0 0 0 11 0 0 0 4 0 0 6 4 0 1 0 7 0 0 15 0 1 5 0 0 0 0 2 0 0 8 8 5 1 1 6 3 3 0 18 0 0 0 1 0 0 0 3 0 0 23 1 3 3 1 2 4 2 0 11 3 0 0 10 9 2 3 1 20 0 0 0 1 26 14 3 1 13 11 0 11 0 1 7 1 1 0 24 6 0 7 6 0 25 0 9
0 1 1 0 3 0 0 6 0 0 11 15 1 1 0 15 10 0 0 0 1 2 0 0 6 2 4 13 9 0 0 1 0 0 18 11 19 1 1 0 0 1 3 1 0 8 2 0 35 0 3 16 1 0 0 0 0 0 3 0 7 0 0 1 1 0 0 0 4 0 7 2 2 1 0 2 9 9 8 0 1 6 3 0 4 3 5 5 15 2 0 2 0 4 0 5 1 0 6 0 1 0 1 2 2 0 0 2 1 16 0 0 0 0 1 0 2 0 1 1 3 0 0 24 0 27 6 16 0 8 0 10 0 0 3 1 0 0 4 17 12 4 2 6 0 0 0 9 1 1 1 5 0 10 7 1 3 9 0 2 7 16 0 6 12 0 1 3 12 0 2 0 1 5 14 1 7 2 16 7 0 10 2 12 3 0 0 5 3 7 0 1 0 0 3 0 0 6 1 0
0 0 1 9 0 0 4 13 0 7 1 13 3 7 1 3 1 0 0 14 4 8 0 0 8 1 13 4 7 3 6 1 0 1 0 24 5 0 4 1 0 0 1 11 0 7 10 0 13 1 13 17 5 1 10 0 0 0 3 6 1 0 0 2 12 0 0 9 2 3 13 23 0 0 0 0 8 8 6 0 0 10 2 0 12 14 2 9 0 0 4 0 3 0 4 14 8 4 14 1 0 1 1 3 2 2 1 1 5 0 0 0 3 1 1 3 2 0 0 8 0 7 0 0 2 6 2 3 1 20 0 2 0 0 0 2 0 0 31 0 2 8 17 3 0 0 0 3 3 0 2 5 4 1 7 1 0 5 0 0 3 1 0 1 0 0 0 7 10 2 3 6 0 1 1 5 12 1 13 4 8 1 2 2 23 2 2 3 19 3 0 3 1 1 0 12 0 15 0 0
0 2 0 3 0 1 0 3 0 0 10 1 16 3 1 9 10 0 1 16 7 4 0 0 15 4 0 22 0 0 0 0 1 0 17 4 18 0 0 1 1 0 9 2 0 8 25 6 3 0 1 2 5 0 8 0 0 0 0 8 1 0 0 1 6 1 1 3 1 3 2 1 0 0 3 0 40 4 21 0 0 1 0 1 2 10 4 10 13 1 0 2 3 1 5 25 0 1 12 0 4 11 1 15 14 2 0 6 4 15 0 0 0 0 0 2 5 1 1 6 9 0 0 2 0 13 1 7 0 14 1 0 3 0 27 1 0 0 13 1 4 7 0 8 2 0 0 38 0 0 0 0 1 2 0 0 0 11 0 1 0 14 2 9 0 1 0 9 8 0 7 1 2 2 4 9 11 0 12 2 3 2 8 12 12 0 0 5 6 3 0 0 4 0 14 3 0 5 0 0
0 4 0 3 1 1 0 2 0 0 1 0 1 0 0 1 5 0 0 6 19 4 0 0 6 17 22 33 9 4 8 0 1 0 5 7 0 0 7 3 0 0 16 0 0 2 7 0 15 0 2 3 10 0 3 2 0 1 21 10 0 0 0 0 3 0 5 1 0 0 20 0 1 0 0 0 12 21 4 0 0 2 4 0 5 8 1 16 7 1 0 8 9 0 3 11 10 5 13 0 8 0 30 6 6 0 1 14 7 25 0 1 3 0 1 5 5 1 5 0 1 13 1 5 2 8 9 1 0 0 3 3 0 0 2 1 0 1 2 6 9 5 0 12 0 0 0 3 0 0 0 11 15 8 0 1 4 1 0 2 12 5 0 3 0 0 0 1 4 0 0 8 12 1 1 7 4 17 8 6 8 16 12 6 0 4 2 4 20 12 1 18 10 0 9 5 0 2 0 9
0 6 0 0 6 0 11 1 1 0 19 2 5 2 6 0 0 1 0 2 8 1 0 0 1 7 5 5 7 1 1 0 0 0 8 7 7 0 2 21 0 0 1 37 1 7 5 0 18 0 3 17 1 1 3 0 0 0 2 10 4 0 0 4 6 0 0 2 14 0 16 2 7 0 0 0 0 2 1 1 0 5 2 3 7 11 9 2 13 0 1 9 6 6 1 2 2 3 0 0 3 2 1 19 3 0 1 0 19 2 0 0 3 0 0 1 4 2 7 1 1 1 0 3 2 14 7 13 0 5 0 7 0 0 6 2 0 0 13 0 9 0 0 8 0 0 0 1 0 0 1 21 0 20 6 0 6 7 2 2 7 5 0 5 1 2 0 7 23 0 1 1 14 7 9 22 2 11 0 6 16 2 13 3 3 0 0 0 1 15 0 33 1 0 21 5 0 2 0 0
0 3 2 7 3 0 5 0 0 13 0 10 8 0 1 0 0 0 1 10 3 1 1 0 22 5 6 13 9 9 0 0 0 0 6 10 13 0 8 19 0 0 4 1 0 0 7 0 2 0 6 1 0 16 5 0 2 0 8 1 0 0 1 6 11 1 2 11 1 0 4 2 0 8 0 0 0 0 12 0 1 0 13 1 0 0 1 4 3 0 1 0 0 3 5 1 0 17 2 0 4 6 1 6 2 1 2 11 0 1 1 0 2 1 2 14 48 0 3 1 0 5 0 9 0 19 2 1 0 2 0 19 0 0 8 4 0 0 1 7 4 27 14 10 0 1 0 6 0 0 2 3 5 3 6 0 0 6 1 0 0 31 0 9 1 0 0 2 4 3 1 10 8 1 5 7 15 2 0 9 7 0 1 1 3 0 0 1 0 9 1 30 0 1 7 2 0 33 0 0
0 3 1 8 1 0 27 1 0 0 2 3 2 4 0 2 4 0 0 0 10 0 0 0 0 4 7 8 2 6 1 1 1 0 3 20 0 1 0 7 1 4 13 5 0 11 43 0 0 0 1 20 15 3 10 1 0 0 0 4 0 0 0 0 1 0 0 0 11 3 6 3 7 12 0 2 14 1 0 0 0 2 2 0 13 12 3 1 12 0 3 5 1 5 19 2 0 1 1 0 5 2 2 6 15 0 1 7 0 2 0 0 3 1 3 7 1 0 2 3 0 2 0 3 1 0 5 6 1 16 0 7 0 0 9 5 0 1 1 4 2 2 28 3 0 0 0 2 0 0 0 8 9 1 9 0 0 19 0 12 0 9 1 4 0 0 0 3 1 1 2 1 10 3 3 3 0 11 2 4 26 1 0 2 0 15 2 6 21 0 0 1 0 0 1 0 0 5 0 1
0 27 0 1 13 0 27 4 0 4 0 8 18 13 0 2 11 0 0 9 3 5 0 0 4 1 6 3 6 4 3 2 0 1 16 13 6 0 0 7 1 0 7 31 2 1 1 0 0 0 0 4 1 17 3 0 0 0 19 20 7 0 0 1 4 1 0 1 2 1 21 8 0 1 0 0 4 9 0 0 0 2 0 0 9 2 16 7 4 2 13 0 3 10 3 0 1 1 0 2 0 6 37 6 0 0 0 0 3 9 0 1 6 1 0 0 4 0 1 1 5 5 0 8 0 7 0 4 0 1 1 55 0 1 4 3 0 0 9 5 10 6 40 3 2 0 1 4 0 0 0 0 0 1 0 0 4 7 1 6 1 2 2 3 4 0 1 23 13 1 21 8 2 2 5 6 9 12 1 10 2 8 7 13 4 0 0 9 2 9 0 0 15 0 7 2 0 7 0 1
0 5 0 11 5 0 0 0 1 13 12 15 3 4 0 13 19 0 0 13 2 9 1 0 25 6 0 0 2 3 11 0 0 0 0 24 0 0 5 0 0 0 6 0 1 6 13 0 1 1 23 7 0 22 5 0 0 0 4 2 1 0 0 1 0 0 1 2 3 1 11 2 8 0 1 0 12 32 10 0 2 2 0 0 6 2 6 0 4 10 0 4 1 0 13 2 7 3 6 0 8 4 1 6 1 0 0 0 18 5 0 0 1 1 0 0 1 1 0 6 8 3 0 9 1 9 5 9 0 3 2 0 1 0 15 11 0 0 5 0 3 12 5 2 0 0 2 46 0 0 0 16 4 0 5 0 17 3 0 4 0 12 0 1 3 0 0 6 14 0 6 5 14 0 9 0 54 13 0 5 0 2 0 10 8 7 0 2 10 1 1 12 3 0 3 7 0 8 0 3
0 2 0 18 1 1 10 13 0 12 12 4 5 3 0 3 0 0 1 5 5 0 0 0 8 3 0 6 3 9 6 0 0 0 20 3 19 0 8 31 0 0 7 1 0 9 21 0 1 0 9 0 4 13 3 0 0 0 11 0 5 3 0 6 10 0 0 6 0 0 15 3 3 0 1 0 37 0 32 5 0 3 2 0 3 2 3 6 10 2 7 9 7 6 18 3 0 4 34 0 0 3 8 9 5 0 2 7 10 11 1 0 9 0 1 3 11 2 13 5 5 4 0 6 2 8 13 1 1 3 0 2 0 0 5 2 0 0 4 1 8 0 3 3 0 0 0 17 0 1 0 1 2 2 3 1 1 13 0 4 2 5 1 0 4 0 1 29 8 0 12 1 2 1 5 4 0 5 1 14 0 8 8 1 1 1 0 1 1 4 0 5 0 0 3 6 0 11 0 0
2 8 2 2 12 1 12 7 1 0 1 2 16 3 0 3 1 2 1 4 6 0 0 0 2 5 0 16 2 6 6 0 0 0 0 5 14 0 4 4 0 0 10 17 0 5 5 0 5 0 3 11 0 1 7 0 0 2 1 3 6 0 1 6 9 0 0 10 3 1 3 2 0 3 0 0 2 2 5 0 0 1 0 1 1 18 2 3 14 0 4 1 3 1 8 1 2 1 4 0 3 5 10 1 0 0 4 0 7 7 0 2 0 0 0 3 9 3 0 1 1 0 0 22 1 4 2 2 0 8 0 0 1 0 5 3 0 1 6 5 16 22 9 0 0 0 0 21 0 0 0 4 7 7 22 0 12 3 1 0 4 26 0 6 0 0 1 6 17 0 13 17 16 2 9 5 3 0 3 11 12 1 3 1 53 3 1 3 6 16 1 1 4 0 10 6 0 4 0 1
0 4 0 6 3 0 9 4 1 9 1 10 4 13 0 2 2 0 3 11 9 4 0 0 1 2 1 5 6 1 23 0 1 0 17 12 6 2 9 4 0 0 3 7 0 2 8 0 2 2 2 0 11 2 1 3 0 0 8 4 8 0 1 0 9 0 3 5 7 3 9 3 0 3 0 1 2 5 0 0 3 6 6 0 11 16 1 4 37 0 7 17 8 2 0 4 1 2 0 0 5 0 3 6 3 0 0 3 4 2 0 0 0 0 1 14 0 0 1 4 3 4 0 19 1 12 0 4 0 2 1 2 0 0 11 23 1 0 1 0 8 5 4 2 0 0 1 2 1 0 0 0 0 6 4 1 25 0 0 3 0 10 0 6 0 0 0 19 7 0 4 1 1 1 0 6 11 22 11 15 11 0 0 6 0 4 1 1 2 9 0 31 12 0 2 0 2 3 0 0
0 2 0 11 7 0 2 2 0 9 1 3 3 5 1 1 14 0 0 11 6 11 0 0 31 4 1 4 37 6 4 0 1 0 10 9 8 0 17 5 1 1 1 1 1 2 5 0 0 0 5 3 2 3 27 3 0 0 11 0 0 0 1 1 2 0 0 8 20 0 3 8 1 0 0 0 2 1 10 0 0 0 0 0 8 5 3 1 1 0 3 4 0 3 9 3 0 5 5 0 5 0 8 25 3 0 0 0 0 3 0 0 2 0 2 1 1 2 0 3 0 0 0 2 0 0 1 8 1 21 2 0 1 0 26 0 1 1 2 6 13 5 0 1 0 2 0 2 0 0 0 20 0 2 2 0 1 3 0 0 1 6 0 2 2 3 0 1 1 0 2 3 0 6 0 2 22 5 0 1 17 4 3 12 22 1 0 1 1 6 0 17 1 1 0 5 0 12 0 1
0 8 3 4 13 0 1 3 1 0 3 2 7 2 2 10 10 1 0 0 0 4 0 0 8 2 0 1 6 9 5 0 1 0 32 47 0 0 1 5 0 0 22 1 0 10 0 1 12 0 17 2 0 4 7 0 0 1 8 4 1 0 0 4 3 0 2 0 2 1 3 14 2 6 0 0 4 2 5 1 0 6 0 0 1 5 1 9 11 0 9 0 0 8 0 5 0 1 9 1 0 3 0 7 6 0 0 9 0 1 0 0 2 0 0 3 1 0 13 4 1 1 0 12 2 4 7 1 1 8 2 0 0 2 6 5 0 0 17 0 1 4 5 3 1 0 0 11 5 0 1 8 0 4 4 1 8 10 0 5 0 0 0 12 8 1 0 0 21 1 7 10 4 8 3 19 1 17 2 6 22 7 10 6 4 1 0 7 4 1 0 13 8 1 0 7 1 5 0 0
0 2 1 13 1 0 1 1 0 0 4 11 6 5 0 1 1 2 0 10 2 0 0 1 9 1 8 8 2 7 7 1 1 0 4 15 0 0 1 16 0 0 0 5 0 0 2 0 13 0 5 2 3 5 1 0 2 0 8 1 11 0 0 1 4 1 0 14 33 0 0 1 9 0 0 4 16 7 3 1 1 1 9 0 0 10 9 1 0 0 8 2 5 8 1 1 0 12 7 0 1 7 2 10 6 3 0 5 5 0 0 0 0 0 1 16 0 0 6 4 2 5 0 0 0 3 2 3 0 13 0 4 0 0 5 6 0 1 3 0 17 38 2 2 0 0 1 2 0 0 1 2 0 1 1 0 17 36 1 0 0 2 1 5 17 0 0 1 7 0 16 1 16 7 1 3 9 2 10 7 0 6 2 3 7 20 0 0 11 12 0 7 0 0 2 1 0 2 5 1
2 7 1 3 13 1 13 2 0 4 3 0 13 0 0 0 4 0 0 2 0 0 0 0 0 3 2 0 31 4 0 1 0 0 7 5 7 1 7 0 0 0 1 9 0 18 10 0 3 2 14 1 6 3 4 0 0 0 1 20 0 3 0 0 8 0 0 2 2 1 4 1 19 0 0 0 5 4 4 0 0 7 6 0 14 0 7 0 1 1 7 0 3 3 10 3 0 1 0 1 0 0 4 5 19 2 0 6 32 1 1 0 7 0 0 6 4 1 11 1 0 0 0 16 0 4 0 2 0 8 0 6 0 0 52 3 0 1 14 16 12 3 7 16 1 1 0 3 0 0 2 9 4 6 2 0 0 0 0 4 0 5 0 1 6 1 0 7 13 0 0 6 0 1 2 2 12 7 2 6 6 7 5 3 4 1 0 3 24 7 2 3 0 1 13 7 0 1 0 0
0 0 1 0 4 0 4 2 0 0 11 12 2 0 0 11 2 0 0 5 0 0 0 0 11 20 0 8 2 12 9 0 1 0 12 0 6 0 9 1 0 0 2 2 0 0 12 0 0 0 0 0 6 9 9 0 0 0 28 24 0 1 1 2 8 1 1 1 3 1 2 5 0 5 0 0 10 2 4 0 0 16 0 0 6 5 13 21 7 0 5 1 1 4 10 0 0 0 2 0 1 4 14 9 8 0 1 6 2 1 0 0 1 0 0 2 1 0 0 1 2 2 1 0 0 6 2 42 1 17 0 2 1 1 2 12 0 0 13 14 7 12 12 0 1 7 0 14 1 0 0 30 1 0 9 0 2 1 0 2 6 2 1 0 11 0 0 17 1 0 16 13 0 1 6 1 8 0 2 0 7 1 4 6 0 13 0 2 2 30 1 5 6 0 6 18 0 12 0 0
0 0 0 7 2 0 6 13 3 1 1 1 6 11 0 4 4 0 0 4 11 2 0 0 2 19 10 2 10 3 5 0 1 0 3 5 0 0 0 0 0 1 7 0 1 13 10 1 3 2 38 0 0 5 5 2 0 0 9 1 0 0 0 11 2 1 1 20 4 0 4 4 1 5 0 1 7 13 5 0 0 6 3 0 17 14 11 0 6 0 0 8 7 2 1 0 0 6 4 1 17 8 4 3 0 0 0 4 4 3 0 2 0 0 0 1 3 1 1 2 2 9 0 3 1 0 4 13 0 0 0 4 0 0 10 2 1 0 6 5 12 5 0 0 1 0 0 10 0 0 0 13 1 1 2 0 10 11 0 2 2 13 0 4 0 0 0 3 10 0 12 0 3 4 7 0 5 7 0 27 10 0 14 12 8 9 0 7 0 10 0 3 3 0 4 2 1 13 2 0
0 3 0 0 1 0 3 0 0 33 8 7 1 0 0 2 2 0 1 21 1 10 0 1 4 1 7 30 2 4 2 0 1 4 15 10 5 0 6 12 2 0 9 1 0 21 5 0 14 0 9 3 1 17 21 1 0 1 2 10 4 0 0 3 6 0 0 13 9 0 12 0 0 8 0 0 5 0 3 1 0 7 3 0 6 6 3 2 21 0 2 6 5 2 0 12 0 3 7 1 4 2 27 16 0 2 2 0 4 8 0 0 12 1 0 0 0 1 0 2 3 1 1 6 0 4 2 6 1 1 0 3 0 0 6 0 0 0 22 1 1 24 2 7 1 0 0 3 0 0 0 6 7 2 2 2 1 8 0 2 1 14 2 1 2 0 0 39 30 1 1 2 2 0 7 15 3 0 11 1 5 3 5 1 6 0 0 4 3 1 0 15 3 1 13 0 2 0 0 0
0 5 0 7 2 0 1 10 0 1 1 20 9 4 0 35 5 3 0 14 3 12 0 0 8 7 9 3 7 0 9 0 0 1 0 5 12 0 2 9 1 1 1 19 0 1 6 0 12 0 16 0 1 2 10 0 0 0 4 21 9 0 0 12 26 0 0 8 3 1 38 6 11 1 0 0 3 1 2 0 0 2 2 1 3 10 0 2 1 0 9 3 1 5 5 2 7 0 8 0 1 0 11 16 8 0 2 6 2 3 2 0 3 0 0 1 5 0 0 0 1 1 1 1 2 5 0 4 0 6 0 2 0 2 6 2 0 2 0 0 16 6 3 3 0 0 1 13 0 0 0 0 1 0 0 3 0 3 0 7 13 8 0 4 16 0 0 9 3 0 9 1 0 0 2 1 1 1 2 5 2 5 23 2 20 0 0 10 2 2 0 3 4 0 0 1 1 1 0 1
1 0 2 12 2 0 20 4 1 3 0 0 2 1 1 1 5 0 0 11 2 22 0 0 8 2 2 3 36 18 21 0 0 1 1 2 0 0 2 4 0 0 6 1 2 14 0 0 13 0 2 2 1 6 28 0 0 0 20 5 0 0 0 23 5 2 0 2 0 1 7 4 3 1 0 0 12 3 10 2 1 2 2 0 2 23 1 50 2 0 4 8 13 3 3 0 0 5 12 1 0 3 2 3 1 0 0 6 9 1 1 0 4 1 0 1 7 3 0 0 16 3 0 5 0 8 7 0 0 8 0 1 0 0 8 0 1 1 0 9 5 9 9 19 0 1 1 6 0 0 2 12 0 5 2 0 5 2 0 0 2 3 1 0 6 0 0 3 6 0 7 2 5 3 0 1 3 1 2 2 3 1 6 4 1 6 0 1 7 3 0 4 28 0 7 0 0 6 5 0
0 1 1 1 2 0 0 2 0 4 14 0 9 11 0 3 1 1 0 28 6 19 0 0 17 2 7 1 7 4 10 0 0 0 0 27 6 0 2 1 0 0 2 5 0 3 3 0 11 0 8 10 0 19 23 0 0 0 9 19 10 1 0 2 6 1 2 4 0 0 6 12 8 1 0 1 1 4 1 0 1 1 0 1 7 2 3 0 2 0 3 6 5 12 0 7 20 1 3 0 1 0 0 3 2 0 0 1 0 7 0 0 16 0 1 0 14 0 1 3 6 3 0 1 0 1 1 13 0 0 0 4 0 0 0 5 1 0 11 8 0 4 14 4 1 0 0 2 0 1 0 1 12 2 7 0 10 5 0 6 6 9 0 0 2 0 0 4 3 0 3 0 5 0 11 21 12 35 1 12 5 2 12 4 12 2 0 2 0 1 0 11 0 0 1 25 0 1 0 0
0 4 0 1 0 0 0 1 0 0 18 22 35 0 0 3 2 0 1 1 1 8 0 0 12 0 5 26 1 8 1 0 0 2 9 13 16 4 3 10 1 1 4 21 1 1 10 0 14 0 7 6 0 7 34 0 3 0 8 10 0 6 0 6 4 0 0 3 4 0 0 6 4 3 3 0 16 0 11 4 0 1 4 1 3 0 3 2 1 0 6 0 13 5 2 4 1 0 2 0 1 0 0 3 1 0 0 5 32 0 0 2 1 0 0 1 15 1 15 4 1 3 2 0 0 0 4 5 0 7 0 3 0 0 2 21 1 0 0 5 0 8 13 0 1 0 0 0 0 0 0 5 18 4 4 3 1 1 1 3 0 3 0 0 1 0 0 2 1 3 8 3 0 5 5 8 4 3 6 8 8 4 0 1 3 1 0 0 2 6 3 4 2 0 1 2 0 6 0 6
1 2 7 3 0 0 0 2 0 2 3 7 0 4 0 10 4 0 0 21 3 3 0 1 8 5 2 2 5 6 10 0 0 0 8 8 2 0 0 6 0 0 1 1 0 4 7 2 1 0 1 1 2 2 26 1 0 0 18 2 2 0 0 0 0 2 0 14 2 0 34 1 1 2 0 0 4 1 2 1 2 7 2 0 0 18 9 20 28 1 5 0 1 18 2 3 1 5 5 0 5 6 5 4 0 0 0 4 4 12 1 0 2 0 1 2 3 10 3 4 0 18 1 18 0 6 12 28 0 9 0 23 0 0 1 8 0 0 7 1 5 25 6 2 1 0 0 4 0 1 0 5 11 3 0 0 1 6 0 3 5 4 0 1 4 5 7 4 2 0 11 7 6 2 15 3 16 1 3 7 0 0 0 2 4 1 0 3 2 3 0 0 0 0 1 2 0 6 1 1
0 5 0 5 4 0 1 1 0 0 16 0 1 3 1 8 3 1 1 9 6 6 0 1 1 3 4 3 0 0 1 0 0 0 24 5 2 0 6 3 0 0 0 0 1 5 24 0 16 0 0 0 2 4 11 2 0 2 6 15 0 0 0 0 9 2 0 10 6 0 0 4 6 10 0 0 1 12 25 0 0 0 1 0 3 2 1 1 3 1 2 7 5 15 2 14 0 1 1 0 14 1 6 10 1 1 2 7 4 6 0 0 4 0 0 13 14 0 3 4 6 3 0 2 0 4 1 15 2 11 0 0 1 0 4 0 0 0 11 3 0 4 12 5 1 0 0 8 1 0 0 5 0 0 18 6 1 9 2 3 0 0 1 1 2 3 0 16 4 0 0 24 2 1 0 11 13 11 3 14 4 13 5 6 5 2 1 0 11 5 0 2 7 1 10 2 0 3 0 0
0 7 4 4 1 1 1 1 0 3 12 2 2 9 2 1 13 0 0 33 12 1 0 0 3 0 9 15 10 39 15 1 2 0 10 5 12 0 2 9 0 0 7 21 0 8 19 0 0 0 4 12 6 2 6 0 0 1 3 10 11 1 1 18 11 2 0 5 1 1 8 2 9 2 2 1 2 8 22 1 0 2 3 0 0 2 9 3 8 0 0 0 3 3 5 5 0 8 6 2 2 1 4 2 3 1 1 3 13 4 0 3 15 0 1 4 1 1 2 11 1 1 0 4 1 3 1 6 0 14 0 7 2 0 6 6 0 1 2 5 18 8 2 4 0 0 0 10 0 0 0 13 3 24 1 0 10 1 0 8 7 12 0 0 0 0 0 2 8 1 6 5 8 0 4 3 31 9 0 26 32 1 0 1 2 3 0 25 1 0 2 9 12 2 5 3 0 15 0 6
0 2 0 3 6 1 3 2 0 0 3 2 6 7 0 9 2 0 0 6 3 0 0 1 20 14 1 21 8 7 11 4 0 2 1 7 4 0 0 1 0 0 3 23 0 0 1 1 14 1 9 1 0 3 3 0 0 0 13 3 0 2 0 2 1 0 1 5 3 0 6 1 17 4 0 0 27 0 27 0 0 5 0 0 3 16 2 8 30 0 0 0 2 0 4 1 0 4 1 0 1 3 0 3 5 0 0 1 22 23 0 0 3 0 0 1 9 0 4 6 0 0 0 11 0 13 0 0 0 1 0 9 0 1 14 6 1 5 6 11 12 0 0 2 1 0 0 7 0 1 1 1 5 7 0 1 4 35 0 1 0 2 0 6 6 0 1 1 0 0 20 1 7 2 2 1 2 20 1 4 2 21 33 11 1 1 0 0 2 16 0 0 9 0 2 1 0 7 0 0
0 18 3 4 10 0 7 2 1 0 10 2 40 10 0 9 5 0 1 27 6 4 0 0 3 6 0 15 15 8 5 0 0 0 11 20 2 0 2 4 0 0 0 15 0 1 27 0 8 0 4 1 3 12 9 0 1 0 5 19 0 0 0 2 4 0 0 13 4 0 15 3 16 1 0 0 2 2 0 0 0 8 0 2 0 11 7 3 4 2 8 4 7 0 1 1 0 7 9 0 0 3 0 4 9 2 0 6 1 0 0 0 4 0 2 6 11 0 0 1 5 1 0 4 0 29 3 3 0 7 0 11 0 1 0 3 0 0 0 0 25 7 1 4 0 0 0 13 0 0 0 2 7 3 11 0 6 7 2 0 6 14 0 3 1 0 1 3 8 0 4 1 1 0 3 0 24 7 1 16 18 13 5 5 0 3 1 5 15 4 0 12 1 1 26 1 0 6 1 0
0 33 2 9 11 2 9 0 0 18 2 6 2 6 0 19 1 0 0 2 1 0 1 0 5 3 2 7 1 2 12 0 2 0 12 11 0 0 7 5 0 0 8 20 0 12 11 0 3 0 2 1 6 29 0 0 0 0 41 1 1 1 0 1 0 1 0 2 1 1 8 3 1 2 1 0 9 3 27 2 1 1 10 0 19 0 21 2 0 0 0 8 2 9 3 13 2 2 1 0 1 7 4 2 12 1 1 2 11 2 0 1 3 1 0 1 0 0 9 1 0 0 0 12 0 7 2 0 1 1 0 3 0 1 11 2 0 1 19 2 4 3 21 11 0 1 0 1 2 2 8 1 5 0 7 1 6 2 0 0 0 5 0 2 1 0 0 3 7 0 17 1 1 0 4 2 7 0 0 3 14 8 0 0 0 2 0 6 8 1 0 3 7 2 10 1 1 10 0 0
0 3 1 1 6 0 3 0 0 0 10 0 20 2 0 8 2 0 1 3 7 4 1 0 0 3 3 26 5 10 1 0 0 1 10 8 8 4 8 4 0 2 16 3 0 5 1 0 6 1 17 6 2 2 0 2 2 0 5 2 2 0 0 7 0 0 0 12 3 0 3 2 1 1 0 2 2 16 6 1 0 6 4 0 11 1 0 3 2 0 37 0 3 2 0 4 3 1 2 0 3 1 9 1 0 1 2 9 9 3 0 0 1 2 1 5 1 0 0 9 0 9 0 19 0 1 2 6 1 6 1 4 2 1 9 0 0 0 2 15 1 1 7 16 0 0 0 2 0 0 0 20 5 1 36 0 12 9 1 0 4 4 0 5 14 0 0 3 4 0 5 17 2 2 7 20 16 2 2 26 0 6 1 23 15 3 0 8 11 11 1 17 0 1 1 0 0 5 0 3
2 2 2 1 3 0 3 17 0 6 16 5 3 0 0 0 10 1 0 11 3 0 0 1 5 1 0 2 4 5 10 0 0 0 1 4 14 1 5 0 0 0 12 15 0 8 22 0 2 0 5 4 1 8 21 0 0 0 35 7 8 0 1 11 5 0 1 2 0 0 4 3 0 0 1 1 7 0 18 21 0 3 3 0 48 14 1 0 1 0 1 4 4 2 0 11 1 4 14 0 6 6 2 10 7 0 0 4 8 0 0 0 1 0 0 3 12 0 1 2 10 4 0 3 2 1 3 1 0 1 0 10 0 0 6 2 0 1 4 1 7 1 0 6 1 1 0 3 1 1 0 4 0 10 17 3 0 9 0 4 0 1 0 1 0 2 0 13 0 0 18 6 0 6 11 9 5 1 0 1 4 19 8 12 1 1 0 3 8 22 0 11 8 0 36 0 1 1 0 0
0 1 0 13 6 0 11 4 0 3 12 23 36 3 0 1 6 0 0 4 3 5 0 0 2 15 8 3 2 7 14 0 0 1 18 8 8 2 1 7 0 0 17 15 0 30 10 0 0 0 31 6 1 6 0 2 0 1 15 12 9 0 0 8 22 1 0 24 41 1 2 2 0 0 3 0 9 12 4 0 0 2 5 0 5 2 4 13 12 0 3 0 1 0 1 0 5 5 0 0 3 6 7 7 5 0 0 2 12 11 0 0 0 0 1 0 7 0 2 1 0 5 0 7 0 6 8 4 0 1 0 22 0 0 3 2 1 1 12 1 5 7 9 10 4 0 0 0 0 0 0 5 19 5 2 0 0 0 1 3 0 0 0 3 1 1 1 45 0 0 11 33 2 4 0 3 10 5 1 14 1 0 14 0 4 1 1 1 17 0 21 4 1 0 0 1 0 3 0 0
0 2 0 9 0 0 2 6 0 7 4 4 23 1 1 5 5 0 1 6 7 3 0 0 1 0 4 2 8 9 0 0 3 4 2 15 2 0 0 3 0 3 4 14 0 7 15 10 13 0 13 4 4 11 1 5 0 0 4 16 0 1 0 4 0 1 0 2 9 0 6 6 3 7 1 0 3 0 1 0 0 1 2 0 3 2 1 2 2 0 0 16 2 5 3 3 1 0 1 0 15 3 5 25 4 0 0 5 18 6 0 0 4 0 0 0 1 0 4 8 3 0 0 16 0 3 18 3 0 2 1 13 0 1 10 8 0 0 0 2 0 18 5 7 1 1 0 8 0 0 0 8 0 1 3 0 0 34 1 18 0 2 1 0 1 2 0 5 3 0 0 9 3 2 4 1 4 1 1 2 9 17 9 3 8 1 0 0 1 1 0 7 8 0 18 0 1 0 0 1
3 0 1 8 7 0 0 0 0 1 1 28 2 6 0 24 4 0 2 13 0 7 0 0 10 2 0 15 4 15 6 1 0 0 6 0 6 0 12 0 0 0 7 9 0 7 1 0 2 0 6 3 3 3 2 0 0 2 1 8 0 0 0 2 13 0 1 4 4 2 1 0 1 0 0 0 7 1 1 1 0 2 2 0 14 10 4 12 2 1 0 6 12 1 0 0 0 7 5 3 9 2 2 0 3 0 0 3 2 2 0 0 0 0 0 2 13 0 15 0 17 0 1 4 0 0 4 0 0 1 0 10 0 1 4 7 0 0 6 2 0 1 1 0 0 0 0 2 0 1 0 0 3 4 30 1 20 6 1 8 2 4 0 7 21 0 0 7 2 0 1 3 2 1 13 16 4 10 7 7 1 0 4 2 0 1 0 18 16 7 0 7 4 0 0 0 0 4 0 0
0 12 0 20 5 0 0 3 0 2 11 1 4 3 0 2 2 3 1 2 12 0 0 0 3 0 0 9 4 12 63 0 0 1 5 1 10 0 1 4 1 0 5 14 0 1 24 2 1 0 1 12 2 5 2 0 1 0 1 8 0 0 0 0 2 0 0 0 9 0 0 0 0 0 1 0 1 3 12 1 1 11 2 4 4 8 0 28 7 6 0 1 1 1 0 4 5 1 0 1 1 3 15 0 3 0 0 14 12 0 0 1 5 0 0 1 11 0 30 5 2 4 0 21 0 2 9 1 1 0 0 2 0 0 21 10 0 0 9 3 12 6 2 0 0 0 0 7 0 0 0 13 3 0 5 0 1 13 0 0 0 0 0 1 0 0 0 6 1 2 0 0 0 0 11 3 2 23 2 4 2 0 31 11 4 1 0 15 7 9 0 5 14 1 0 3 0 14 2 4
0 0 0 29 3 1 10 0 0 1 4 4 0 22 0 8 4 0 1 11 1 1 5 0 2 6 1 2 0 0 4 0 0 0 1 6 14 1 2 24 1 0 3 21 1 22 2 0 13 0 6 4 4 5 10 1 0 0 2 0 24 0 0 6 7 1 0 2 14 3 4 26 9 2 0 0 0 2 0 0 0 4 5 0 30 1 0 14 0 0 3 1 2 4 0 0 0 1 0 1 0 0 17 6 3 0 0 2 5 0 0 0 0 0 0 2 1 0 3 12 11 3 0 8 0 11 15 9 1 9 1 8 0 0 10 2 0 1 11 4 0 41 0 3 0 0 0 3 0 0 9 2 8 7 10 0 0 9 0 8 5 11 0 0 1 1 0 5 5 0 4 3 0 12 3 1 21 11 1 0 27 1 2 3 4 6 0 3 1 10 0 0 3 0 0 4 1 3 1 0
0 8 0 4 0 0 0 1 1 0 0 7 1 6 3 5 2 0 0 1 2 5 2 0 1 0 2 14 15 6 2 0 0 0 4 0 0 0 10 8 0 0 13 19 0 2 10 0 22 1 9 6 15 2 12 0 0 0 11 30 1 1 0 0 7 1 0 7 2 0 33 4 2 1 0 0 12 8 1 0 0 9 1 0 18 20 3 2 0 0 21 0 4 1 2 0 3 10 3 0 2 6 2 0 1 0 0 1 4 1 0 0 0 1 0 8 2 0 2 0 0 0 0 4 0 14 2 4 0 3 1 11 0 0 2 2 3 0 5 5 11 3 20 4 0 0 0 4 0 0 0 8 1 2 16 0 12 5 0 6 4 14 0 0 1 0 1 2 1 1 16 13 9 2 2 26 40 5 11 1 6 2 1 7 9 6 3 0 6 6 4 12 9 0 9 5 3 10 0 2
1 7 1 6 3 2 1 0 4 1 10 2 26 0 0 3 3 3 1 2 0 10 0 0 3 2 0 1 2 38 1 0 2 0 6 8 8 0 7 20 0 0 0 12 0 3 13 1 22 0 2 0 1 2 19 0 2 0 6 16 2 0 0 6 3 0 0 6 18 0 16 5 6 2 0 0 4 22 0 2 0 2 1 0 15 27 0 11 3 0 0 2 13 2 0 8 0 7 1 0 2 12 2 0 0 1 1 0 0 3 0 0 6 0 0 6 8 0 1 2 15 15 3 3 0 7 2 11 0 11 0 6 0 0 12 0 0 0 1 4 9 11 0 8 0 0 2 3 0 0 0 4 9 3 14 1 2 15 0 1 12 9 0 3 2 0 2 8 10 0 6 0 4 7 0 7 5 1 7 4 1 8 15 3 5 6 0 6 4 14 0 12 3 0 2 4 0 9 0 0
0 1 0 6 1 0 3 2 2 0 0 3 15 9 0 2 1 0 0 5 0 2 0 0 18 6 0 7 3 8 6 0 1 0 0 1 7 0 17 2 0 1 23 20 2 7 6 0 2 0 3 4 13 15 5 0 2 0 20 15 8 0 0 17 10 0 0 1 10 0 13 2 7 0 0 0 1 11 1 5 1 4 1 0 11 0 3 0 12 0 1 0 24 2 0 19 3 4 2 0 5 0 23 4 0 0 1 3 29 7 1 1 3 0 1 1 7 0 3 0 8 3 0 26 0 12 0 1 1 4 0 16 0 0 4 11 0 0 0 1 26 0 0 14 2 2 0 3 0 0 1 0 11 5 3 6 5 4 1 12 0 1 0 15 2 0 0 7 8 1 2 7 0 8 1 2 10 4 1 6 3 0 9 18 12 1 0 3 19 15 1 6 3 0 10 0 0 1 0 1
1 5 0 25 2 0 1 0 0 2 7 4 3 19 0 17 1 0 0 5 0 2 0 0 3 9 0 29 3 6 1 0 0 0 0 3 14 0 1 29 1 0 5 25 0 1 12 0 0 0 3 1 2 4 0 0 1 1 1 15 2 0 0 0 20 0 3 2 8 1 5 6 0 2 0 0 1 14 15 0 1 3 0 0 13 0 7 3 6 1 8 0 0 8 8 0 1 4 6 0 1 3 3 4 7 0 0 2 8 20 0 0 22 0 0 5 0 0 1 6 3 0 0 6 0 1 0 9 0 9 0 13 0 0 4 2 3 0 7 11 3 9 3 5 0 1 0 12 0 0 0 2 0 2 1 0 17 2 0 3 1 0 0 11 7 0 0 20 0 0 2 4 18 1 0 9 4 8 2 18 1 12 1 2 1 7 0 7 14 0 0 7 2 0 0 4 0 3 0 0
0 2 0 12 5 0 5 7 6 9 5 25 6 0 0 0 7 1 1 6 4 0 0 0 7 4 1 6 8 1 4 0 0 0 3 14 2 2 0 9 0 0 0 8 0 21 7 0 12 1 3 2 0 2 8 1 0 0 7 2 1 0 0 1 8 1 0 2 7 0 5 7 9 0 1 0 7 5 1 0 0 6 0 0 9 0 15 4 3 0 0 0 8 3 6 1 0 2 14 0 0 3 10 1 2 0 1 0 2 5 0 3 2 0 1 1 17 0 4 2 8 1 1 4 0 6 4 13 0 3 0 1 0 19 1 0 1 0 12 5 8 6 36 0 0 1 2 19 1 0 3 6 1 4 14 0 5 3 0 6 0 42 1 5 5 1 0 1 0 0 24 4 9 1 1 5 4 3 4 2 4 4 1 4 7 11 0 5 0 0 1 1 0 1 11 4 0 9 0 2
0 1 0 2 4 1 6 0 1 2 6 4 21 21 0 0 0 0 1 2 10 0 0 0 12 7 9 15 1 16 4 0 0 2 7 12 6 1 5 3 1 16 32 2 0 8 24 0 3 0 6 4 1 18 3 0 0 0 15 4 5 0 0 14 11 1 0 41 3 0 7 2 0 2 2 2 1 1 0 0 0 5 1 0 8 0 0 3 1 0 18 9 2 1 7 3 0 8 4 0 6 12 7 18 4 0 0 1 6 0 0 1 0 1 0 3 7 0 0 4 5 1 0 10 0 1 6 13 2 37 0 8 4 0 9 12 0 0 4 3 5 5 8 8 0 0 0 1 0 0 0 1 5 9 0 0 10 1 0 1 0 24 0 0 4 0 0 19 6 0 9 3 13 1 3 0 22 0 0 14 1 7 0 1 5 6 0 9 4 10 0 2 3 0 7 2 0 15 0 0
0 1 0 7 18 0 0 6 0 4 11 0 19 3 0 0 1 1 1 8 19 12 0 0 9 0 2 5 9 9 7 1 0 2 21 11 5 0 7 2 0 1 1 4 0 3 3 2 2 0 1 2 3 8 5 0 1 0 2 3 0 0 0 1 21 0 1 10 20 0 4 10 6 6 3 0 3 1 0 0 0 2 6 0 11 3 1 0 11 0 2 9 2 0 1 3 0 7 11 1 2 10 6 6 2 0 0 2 9 1 0 1 1 0 1 2 10 1 0 5 2 0 0 1 0 1 5 0 0 2 0 5 0 0 3 5 0 0 3 7 2 2 0 7 0 0 1 13 4 0 0 8 5 3 15 0 0 20 0 21 1 4 0 14 24 1 0 16 0 0 20 1 3 0 6 16 2 2 0 2 6 1 2 1 7 3 0 0 0 1 0 5 1 1 11 15 2 4 0 2
0 0 0 6 10 0 5 1 0 3 10 1 5 11 0 1 6 0 0 2 1 3 1 0 0 8 0 5 7 2 7 0 0 0 1 26 1 0 6 12 0 0 3 28 1 0 4 0 1 1 5 4 0 3 11 0 0 0 9 2 21 1 1 2 15 1 0 10 4 0 1 0 1 14 2 0 1 17 1 0 0 3 3 0 11 9 0 15 8 0 1 1 9 1 4 1 0 5 14 15 2 2 4 1 10 1 1 2 1 9 3 0 4 0 0 4 4 1 2 0 5 5 0 12 0 6 11 2 3 12 0 0 0 0 2 8 0 0 3 12 3 5 10 13 0 0 1 0 0 0 1 6 2 3 23 0 11 6 0 10 4 0 0 8 16 0 0 9 0 0 3 5 5 3 1 7 12 1 0 17 3 0 3 6 4 0 1 1 33 7 0 1 3 0 1 1 4 11 1 0
0 1 0 4 1 0 1 0 1 3 3 4 19 7 1 5 5 0 0 11 3 2 0 2 4 4 3 4 12 4 4 0 0 0 5 19 19 2 5 2 0 0 4 1 0 1 6 2 5 1 0 5 12 4 0 2 0 0 2 8 12 3 0 1 14 0 0 3 30 0 8 13 1 0 0 0 6 17 1 1 2 2 23 0 4 14 1 2 3 2 0 3 0 2 1 3 3 6 10 0 13 3 12 8 6 0 0 4 23 1 0 0 0 0 0 5 4 0 1 4 5 10 0 7 2 1 10 4 0 2 3 17 2 0 5 0 0 1 7 3 2 21 1 11 1 0 0 9 0 0 0 6 0 0 2 0 1 5 0 11 0 4 0 1 2 2 0 13 1 1 1 12 3 0 1 0 6 5 8 2 0 19 12 8 6 3 2 1 2 18 1 3 4 4 5 11 0 20 0 8
0 6 0 0 9 0 0 5 0 0 2 2 11 3 4 1 3 0 0 0 5 0 0 1 2 3 0 3 0 30 3 0 0 0 2 2 1 0 11 4 3 2 12 9 0 6 5 0 7 1 10 8 2 1 2 0 0 0 0 7 2 0 0 0 1 0 0 4 0 0 1 5 1 0 3 0 7 0 3 2 3 12 2 0 12 2 4 5 9 0 5 2 3 5 8 4 0 9 11 0 11 3 1 5 1 0 0 1 12 5 0 0 2 0 0 4 30 1 32 0 2 14 0 17 0 12 1 1 2 11 1 1 0 0 0 0 1 0 13 1 1 13 14 10 0 0 1 23 1 0 0 12 6 2 3 3 0 2 1 3 1 0 0 2 8 0 0 3 15 0 12 6 1 4 1 9 2 1 3 1 2 0 7 1 10 4 1 4 9 3 0 12 5 0 0 3 0 2 0 0
0 5 0 3 13 1 1 2 0 0 4 16 0 6 0 7 0 0 1 1 13 1 0 1 1 0 2 11 0 10 12 1 0 0 7 0 7 2 13 14 0 0 14 22 0 1 5 0 21 0 4 10 4 18 0 0 1 0 9 2 11 0 0 3 1 0 0 5 43 0 1 5 11 6 1 1 12 4 0 0 0 2 0 1 5 8 12 3 5 0 2 0 4 7 2 14 1 4 9 0 5 6 4 19 11 0 1 1 22 0 0 0 0 1 0 1 6 1 5 6 3 3 0 6 0 6 4 7 3 3 0 9 0 1 20 7 0 1 6 2 7 0 2 8 3 0 0 3 0 0 0 16 9 2 8 0 2 1 0 1 6 1 1 17 9 0 0 37 0 0 0 6 3 0 3 3 1 4 12 0 5 1 16 1 3 17 0 4 1 0 0 18 4 0 20 3 0 6 1 4
1 4 0 4 12 2 11 0 0 2 3 5 7 8 0 5 1 0 0 2 2 1 0 0 11 3 0 14 6 2 24 0 0 0 14 33 0 0 1 1 0 2 1 0 0 9 1 2 3 2 2 3 4 21 1 0 1 0 20 4 5 1 1 3 5 0 0 11 8 0 3 0 0 0 0 0 5 4 0 0 0 2 3 0 44 15 6 15 7 0 7 0 1 1 1 6 2 1 0 0 1 0 0 28 2 0 0 7 4 1 0 1 5 1 0 9 1 5 0 1 0 0 0 13 2 2 0 4 0 4 0 9 0 0 1 4 2 0 1 28 1 0 22 19 0 0 0 7 0 0 1 3 19 3 0 0 6 1 0 1 14 9 0 1 4 1 1 25 12 1 3 8 6 3 1 11 5 4 2 4 4 2 5 0 24 1 0 0 11 1 0 11 3 0 6 8 1 7 0 0
0 5 0 12 5 0 0 3 0 1 11 3 16 1 0 2 1 1 0 13 0 10 0 0 1 0 2 5 15 4 1 0 0 0 11 17 13 0 1 17 0 2 2 26 0 3 30 1 3 0 0 1 1 4 4 0 0 3 22 9 4 1 0 2 2 0 0 5 9 0 6 4 0 2 0 0 6 8 10 0 1 6 2 0 38 17 5 13 7 1 12 3 7 2 0 2 0 16 4 0 2 6 4 3 4 0 0 1 8 10 0 0 2 0 0 8 2 0 0 5 0 2 1 1 0 1 7 2 0 4 0 24 0 0 3 0 0 0 1 2 3 11 6 2 0 0 2 0 1 0 0 29 1 0 5 0 9 0 0 1 5 1 1 2 1 1 8 3 2 0 13 7 10 3 12 3 2 12 11 5 6 10 10 2 7 9 0 9 1 7 0 0 6 0 4 3 0 7 0 0
1 0 0 10 5 3 0 0 1 6 8 12 6 1 1 18 1 0 0 6 3 2 0 0 1 11 0 0 4 5 0 0 2 0 10 11 2 0 0 19 0 0 7 3 0 9 10 0 2 1 13 2 7 26 0 0 0 0 2 8 2 0 0 2 0 1 0 10 4 0 7 1 1 0 0 0 5 19 12 0 11 1 5 1 8 10 14 1 1 0 0 0 7 2 3 7 3 7 8 1 18 9 21 5 11 0 0 13 14 2 1 1 0 0 1 2 29 0 10 0 6 0 1 3 0 3 1 12 0 10 0 38 0 2 10 4 0 0 3 9 7 0 2 6 0 0 1 5 0 4 1 1 0 3 6 0 2 6 0 0 7 1 0 1 6 0 0 2 3 2 6 1 4 1 4 9 13 10 5 7 1 1 0 0 23 0 0 0 3 1 0 3 11 0 1 1 0 2 0 0
0 3 0 1 3 0 18 3 1 10 2 8 0 7 1 15 0 0 0 2 1 3 0 2 3 3 6 8 11 3 5 0 0 0 0 1 3 1 0 0 0 0 3 2 0 9 7 0 12 0 5 0 5 10 0 0 0 0 0 6 11 0 0 11 3 1 0 16 3 0 2 1 1 0 1 0 4 8 36 0 2 0 12 0 4 11 3 19 4 1 0 2 1 1 0 0 0 17 0 0 0 15 5 5 3 0 0 0 9 16 0 0 2 0 0 0 5 0 4 0 2 5 0 26 0 8 1 1 0 28 0 5 1 11 8 0 0 0 2 7 2 17 3 12 1 1 0 6 0 1 2 21 2 1 10 1 11 1 0 0 2 19 0 0 1 0 1 4 1 0 6 3 0 2 2 16 22 1 4 7 1 0 6 9 0 10 0 3 20 5 0 13 0 2 2 0 0 5 1 15
1 4 1 3 10 0 8 17 0 14 0 14 12 2 2 1 3 1 0 10 7 3 0 0 1 6 0 7 1 8 3 1 0 1 2 0 13 0 5 5 0 0 4 10 1 2 1 0 8 0 0 0 7 0 10 1 0 0 14 39 1 0 1 0 6 1 0 1 4 0 1 2 3 2 0 1 3 4 15 0 0 0 8 0 1 2 9 13 9 3 0 1 0 3 0 2 1 0 2 0 6 0 3 4 4 1 0 2 15 11 0 1 11 0 0 7 6 0 7 2 0 2 0 2 2 8 6 3 1 12 0 6 0 0 2 0 0 0 4 2 15 2 12 8 0 0 0 12 0 0 2 0 6 14 31 0 9 3 0 4 13 2 0 0 2 0 0 3 19 2 0 9 0 2 0 14 0 3 1 0 0 1 10 1 5 18 0 3 1 12 0 9 0 0 19 4 0 5 0 0
2 0 0 3 2 1 0 0 1 4 2 7 3 0 0 2 1 0 0 9 2 6 0 0 3 1 4 5 11 0 0 1 0 0 1 1 21 0 3 2 0 0 15 7 0 6 3 0 60 0 6 0 1 3 2 0 0 0 1 6 1 0 1 1 1 3 0 14 6 0 15 2 0 0 1 0 2 34 9 0 0 3 4 0 12 2 1 0 1 1 1 4 1 2 5 3 4 2 24 0 1 9 11 4 13 1 0 4 6 12 0 0 4 0 0 4 1 0 6 2 15 0 0 0 0 1 14 1 2 8 0 1 2 0 19 2 0 2 22 0 13 1 5 2 0 1 0 28 0 0 0 3 6 2 15 1 0 3 0 1 0 4 0 0 0 0 0 40 0 2 10 2 2 3 0 0 0 12 1 7 27 26 16 3 28 0 0 10 4 1 0 13 0 0 8 0 1 20 0 14
0 0 0 0 5 1 8 5 0 1 5 1 4 5 0 29 0 0 1 3 14 20 0 1 0 0 0 10 8 20 16 0 0 0 1 2 15 0 2 0 2 0 7 1 1 12 18 0 13 0 0 2 0 3 5 0 0 0 2 4 5 1 0 0 0 1 0 0 8 0 6 9 0 20 0 1 3 2 0 0 0 12 1 0 0 4 1 3 2 0 1 6 0 11 6 2 0 0 22 0 6 10 35 5 3 0 5 9 20 2 1 0 5 0 0 2 1 0 0 3 6 2 0 5 0 0 0 4 0 27 0 21 0 0 4 1 0 0 26 3 5 13 1 6 0 1 0 0 1 0 0 30 7 5 13 1 4 2 0 18 2 27 1 7 4 0 0 4 1 0 2 4 1 0 0 5 10 14 11 17 5 0 14 6 0 0 1 2 5 23 0 0 12 2 7 11 0 4 0 0
0 7 0 4 13 0 4 3 0 0 16 1 11 5 0 2 1 1 0 1 2 2 0 1 5 2 0 39 7 6 17 0 0 0 2 2 21 0 6 1 0 0 4 22 0 3 2 0 2 0 1 0 3 15 3 1 0 0 10 5 8 0 1 6 1 2 0 10 4 0 5 18 0 13 1 0 3 1 2 0 0 6 10 0 5 12 7 2 5 0 5 3 6 12 1 3 0 4 3 0 5 2 4 7 11 0 0 7 5 8 0 5 3 0 0 9 2 0 7 0 1 9 0 6 2 3 7 16 0 24 0 17 1 0 5 13 0 0 17 1 1 2 0 36 0 3 0 0 1 1 1 51 0 4 18 0 1 4 0 2 1 4 1 1 39 0 1 46 9 1 9 8 1 0 16 2 2 0 2 1 5 2 12 3 4 4 0 4 3 7 0 0 0 0 2 5 0 18 0 0
1 1 4 1 12 0 0 1 1 2 2 13 18 2 0 8 7 0 1 0 2 8 0 0 3 1 1 12 1 0 7 0 0 0 3 1 7 1 10 8 0 0 5 0 0 8 2 0 1 3 9 5 1 5 11 0 0 0 5 6 3 0 0 5 0 1 0 4 4 0 10 3 4 2 0 0 9 0 20 2 1 3 0 0 3 2 4 3 0 1 1 4 3 25 6 2 3 3 1 0 1 2 9 10 1 0 0 10 1 2 0 1 0 0 0 4 0 1 0 6 3 0 1 6 0 6 4 16 0 11 1 22 0 0 3 4 0 1 8 0 12 5 0 24 0 0 0 5 0 1 0 10 0 0 3 0 5 22 2 8 0 9 0 0 0 0 0 4 11 1 11 1 0 5 9 1 8 0 2 1 43 1 28 1 0 11 1 0 24 8 4 9 1 1 0 3 0 11 0 0
