3.325145093555093023e-02 -1.507000764033263884e-01 -1.935620614345114898e-01
6.535443623481795861e-03 -1.234777234817812097e-01 -1.382242774291497778e-01
1.895070808179155630e-02 -1.078409915287243948e-01 -1.143955511197662922e-01
7.543548618131878936e-02 -1.558970531593406594e-01 -1.625755617170330236e-01
5.488917948717975115e-03 -1.382295942890441331e-01 -1.570742386946386571e-01
2.347098049837348377e-03 -2.027992767063920843e-01 -2.747360706392200091e-01
1.284590192307688561e-02 -1.407005078124998754e-01 -1.485380918269230133e-01
9.272738589743645399e-03 -1.623370739743589253e-01 -1.645037312435896348e-01
5.836198168498341055e-03 -1.552749768315015988e-01 -1.545578983516482374e-01
4.730789423077030875e-03 -1.495834385683760814e-01 -1.594249825854701097e-01
2.086140485829957036e-02 -1.448077087044535860e-01 -1.501662248987855053e-01
6.529993186813132233e-03 -1.269338741758243572e-01 -1.343962192307692760e-01
2.554259112732093495e-02 -1.511755945755968167e-01 -1.515323688594165663e-01
4.078572287968373900e-03 -1.327319626232742467e-01 -1.430377777120316329e-01
8.756460410256350357e-03 -1.173990950769231434e-01 -1.225902908717949602e-01
1.324917648351631172e-02 -1.438167256043955122e-01 -1.384351116483516497e-01
1.458407485207091625e-02 -1.907420556213018648e-01 -2.216024335305720738e-01
1.079322610722599496e-02 -1.437065427738926093e-01 -1.753169987179488132e-01
4.730009100758492124e-03 -1.281384188515708455e-01 -1.518751170097507597e-01
3.239583589743522118e-03 -1.833345758974358475e-01 -2.102774812307692809e-01
2.406433316008316226e-02 -1.675015616424117004e-01 -2.021839155925156950e-01
3.570520659340603586e-03 -2.022718990109889647e-01 -2.194308135164834139e-01
6.124633064516049608e-03 -1.410713045533500409e-01 -1.574966129900745582e-01
1.422708861138843872e-02 -1.383430082917084247e-01 -1.442786197802198300e-01
5.501547884615320960e-03 -9.989565153846158285e-02 -1.135167323076923251e-01
6.303903280542977328e-03 -2.038116191176468917e-01 -2.141244204751131530e-01
6.944017226435672541e-03 -1.498635419284938264e-01 -1.743532244853737145e-01
1.022014615384536640e-03 -1.454539496703297630e-01 -1.574961543956043819e-01
9.425598701298554261e-03 -1.156379323676323123e-01 -1.312865091908091975e-01
7.372736842105154231e-03 -1.481152400809715441e-01 -1.501699190283400931e-01
2.548727884615353823e-03 -1.505645231837607900e-01 -1.699689753205128051e-01
4.945317846153929331e-03 -1.128673944615384839e-01 -1.220529762051280054e-01
9.452564363177762274e-03 -1.447614657755359469e-01 -1.486097334426229599e-01
8.662543099547392877e-03 -1.170236819004525364e-01 -1.212155967194569195e-01
1.053606101775139692e-02 -1.275368439171599144e-01 -1.339336315266274058e-01
6.880417336394883954e-03 -1.361438128587831864e-01 -1.401265799081515828e-01
8.127457342657296024e-03 -1.272597291375291428e-01 -1.468341791375292749e-01
7.190396417281363917e-03 -1.569890937829292454e-01 -1.710127191780821398e-01
6.522895763656610946e-03 -1.086779928651059324e-01 -1.148441425863991894e-01
4.857793347193162248e-03 -1.289542331600833647e-01 -1.345339481288981842e-01
4.827795562130199336e-03 -1.348541078895463263e-01 -1.742612019723867034e-01
5.257229431438137368e-03 -1.129899032329988451e-01 -1.181831508361204097e-01
8.438239060939101144e-03 -2.467826797202797851e-01 -2.575550322677323534e-01
2.627380389036260144e-02 -1.181962401414677899e-01 -1.423278329796640040e-01
9.737902910603057904e-03 -1.415892047817046695e-01 -1.709961627858627153e-01
6.381932502708465016e-03 -2.428710843987000878e-01 -2.781306927410618357e-01
4.323598263027306210e-03 -2.167960996774194182e-01 -2.383853993176179298e-01
2.006986828240298060e-03 -1.306303560590094115e-01 -1.425934665964172510e-01
5.041498138957822839e-03 -2.050207435483871743e-01 -2.339419475186105268e-01
1.761806565756829368e-02 -1.038336507196029324e-01 -1.139688022580644944e-01
5.758607585469976975e-03 -1.255495712606838898e-01 -1.420372241452990680e-01
6.126306607495024537e-03 -1.134358608481261799e-01 -1.242671275147929633e-01
4.262073578595426682e-03 -1.700916973244147590e-01 -1.860816381270903319e-01
4.726253003161096089e-03 -1.365162095890410932e-01 -1.472363327713384074e-01
2.110845711275022296e-02 -1.370466660695469630e-01 -1.462261041095890279e-01
2.829304573804702905e-03 -1.790745250519751863e-01 -1.922100007276508205e-01
5.360426113360405864e-03 -1.426050367408906450e-01 -1.539407206477734213e-01
1.249118319837982938e-03 -1.471882957489878407e-01 -1.654312426113362378e-01
4.689586373626486449e-03 -7.619653164835171744e-02 -8.298738142857131628e-02
1.337469579487182703e-02 -1.243091211282051356e-01 -1.454582506666667330e-01
3.873957371794856108e-03 -1.199723488247863568e-01 -1.360239961538460829e-01
5.682627317554311830e-03 -1.404279215976330653e-01 -1.439645451676528909e-01
1.515437869022862039e-02 -1.227674990644490594e-01 -1.337302571725572653e-01
4.996803846153863304e-03 -2.079006124434389369e-01 -2.307295651583710638e-01
4.194337405475812020e-03 -2.191130963233377527e-01 -2.283841450847458043e-01
8.114543269230889422e-03 -1.879292623798075601e-01 -2.095154162259614816e-01
5.547980219780090927e-03 -1.968963128571428189e-01 -2.276678331868131622e-01
1.420711404682284407e-02 -1.463570437012263747e-01 -1.514209908584168707e-01
4.439384307692306741e-03 -1.128676758974358485e-01 -1.193119621538460962e-01
2.457662897102885768e-02 -1.841065196803197690e-01 -1.966581685314685579e-01
4.733399369482915731e-03 -2.052562474527113157e-01 -2.181841854728878705e-01
6.893616063348484424e-03 -1.553324397058821749e-01 -1.705507607466063558e-01
7.053534601889399624e-03 -1.400341836572200904e-01 -1.372426152496626361e-01
5.371557692307682430e-03 -1.547727907925409152e-01 -1.597151733100232729e-01
1.351540995037214810e-02 -1.225719652977669272e-01 -1.249869513895783824e-01
5.240935431235382858e-03 -1.718468458041957359e-01 -1.836939620046618149e-01
6.900529380342024233e-03 -1.525718302350426159e-01 -1.644433229700853483e-01
9.714709829059753332e-03 -1.743169072649574103e-01 -1.937104907051282465e-01
4.045438942307688635e-03 -1.340991923076921832e-01 -1.437478621153847058e-01
9.120647957559624430e-03 -1.594705652254643224e-01 -1.874592121220161056e-01
4.185562527472597161e-03 -1.252138389010988284e-01 -1.319657218681318245e-01
5.815064482758591780e-03 -1.594625879442971295e-01 -1.660339709018566756e-01
7.451833308913302645e-03 -1.496984392307690870e-01 -1.726675977533577155e-01
4.752709698996659959e-03 -1.420948537346711227e-01 -1.630197751393533956e-01
7.009811205510918519e-03 -1.299571118828932725e-01 -1.423114870149253530e-01
9.621809987980678436e-03 -1.565768473557692664e-01 -1.699632339182693963e-01
9.804054535809014759e-03 -1.229305748010609545e-01 -1.240521800663130225e-01
5.978022128556359505e-03 -1.217754244467861291e-01 -1.350852949420442428e-01
7.410954946745595961e-03 -1.589929399526626153e-01 -1.718276905088755857e-01
1.239016073478760305e-02 -1.334874590126292615e-01 -1.665792934557980276e-01
2.536016773504345956e-03 -1.224783367521365962e-01 -1.270790266025639825e-01
1.253570685185190214e-02 -1.030580608974358547e-01 -1.069679637606837375e-01
3.403693671328755777e-03 -1.147763173076922216e-01 -1.264724459673658430e-01
3.524517336394916711e-03 -1.637294470723307249e-01 -1.703295068886336860e-01
5.761630525030536631e-03 -8.561704659340652057e-02 -1.004792304517705404e-01
3.010165890688365486e-03 -1.910210939271252961e-01 -2.062963384615383866e-01
2.250871505958929042e-03 -1.772891642470204587e-01 -1.819193653304440605e-01
1.773333945054944571e-02 -1.558556754945055189e-01 -1.762914489010989350e-01
2.082423956044077151e-03 -1.447652859340657905e-01 -1.557773101098898216e-01
5.869688253638205566e-03 -1.444771253638255093e-01 -1.561644878378378731e-01
