5.671433019369292658e-03 -1.842654668002119134e-01 -2.628572581457941371e-01
4.247702941234560679e-03 -2.294493550837915785e-01 -2.800590949607989488e-01
3.309918264452725144e-03 -1.497096651438495629e-01 -1.577431815550579819e-01
4.806315458043909465e-03 -1.228835456462347570e-01 -1.379050172241727545e-01
4.235706922496492929e-03 -1.891140144277653201e-01 -2.713444621892718289e-01
3.808344446275181705e-03 -1.154026102152882483e-01 -1.345398145096128040e-01
2.994016657412971669e-03 -1.576646658746733987e-01 -2.130217749037661701e-01
4.360708745754804730e-03 -2.098874040355720727e-01 -2.370265320749962434e-01
2.779622529823579363e-03 -1.752652331726039792e-01 -2.081043817383713412e-01
4.274113780756384415e-03 -1.342451099158151473e-01 -1.603226961715845944e-01
4.931541240956080832e-03 -1.737317136121773187e-01 -2.051841323197836908e-01
3.737995418278799217e-03 -1.767294244083253418e-01 -2.247396739212016159e-01
3.445234196982970010e-03 -1.782322161350194112e-01 -2.280218161875312843e-01
3.269907229990903341e-03 -1.837795377344577097e-01 -2.185439272975204794e-01
4.567753045495075506e-03 -1.261752634580393662e-01 -2.052166317422993991e-01
4.216279420352834865e-03 -2.054041289987463548e-01 -2.324547696172850897e-01
3.734772579068703496e-03 -1.494668761209424490e-01 -2.258952738583615283e-01
3.586387684462178684e-03 -1.562662810197079644e-01 -1.801150070618502685e-01
5.421843874795567557e-03 -1.571610103001346848e-01 -1.663854164271613978e-01
3.902509342292541285e-03 -1.331002651296682437e-01 -1.428433955936962430e-01
3.363350967505907615e-03 -1.577658656277272087e-01 -1.798540088186597885e-01
4.222552733996443562e-03 -2.045314398247492504e-01 -2.603684119349662929e-01
2.436754462286379493e-03 -1.626056089587008813e-01 -1.895824006014186214e-01
2.019377648076182714e-03 -2.014509139136277660e-01 -2.250816103233503340e-01
2.827037013180199246e-03 -1.648529066082788375e-01 -2.677799134340202447e-01
4.093647211048587198e-03 -1.776049901160905442e-01 -2.273202704226031656e-01
3.446851930265048929e-03 -1.728890756314274968e-01 -2.169743850222030646e-01
2.248401997280780225e-03 -1.498208903432766415e-01 -1.884223755569389147e-01
3.965110933847773404e-03 -1.705694641918778787e-01 -1.935076788054239105e-01
4.187296719320394121e-03 -1.188421317649875214e-01 -1.472127452176588691e-01
5.028675698634807803e-03 -1.814533841811589721e-01 -1.950039893907677679e-01
4.828780913927467958e-03 -1.905958324118335323e-01 -2.073403182171364156e-01
2.900730817081932297e-03 -1.368907473526682905e-01 -1.604380138556323332e-01
3.328425014514799826e-03 -1.436290061100368998e-01 -2.194903021254986930e-01
2.952276961055066030e-03 -1.731959949907940499e-01 -1.874200552223062033e-01
3.911083313585961112e-03 -1.620924030564270535e-01 -1.868821446175385481e-01
3.526227172884058899e-03 -1.174094585598882551e-01 -1.576616479962527073e-01
5.835951275147029972e-03 -1.694365975073166553e-01 -1.968155813912248753e-01
3.909054913549425692e-03 -1.958918469543142471e-01 -2.526464358988116943e-01
3.278794454996993013e-03 -1.149273481058259855e-01 -1.369465727548937195e-01
3.732057221798619397e-03 -1.856982316897432539e-01 -2.027204781736462735e-01
3.897812378607752419e-03 -1.667562305926230670e-01 -2.015710716919572043e-01
2.500325432494091178e-03 -1.982048302244694693e-01 -2.328895940294959110e-01
4.728369212297084921e-03 -1.626162188108369600e-01 -1.961157530716184927e-01
3.321678207643387944e-03 -2.651426487595703874e-01 -2.980062239417546888e-01
3.923529276430166336e-03 -2.031008466455568873e-01 -2.696187601666590328e-01
3.778431662403710072e-03 -1.638623635727837202e-01 -2.051639304649139628e-01
2.805130051639307277e-03 -1.650067624818564727e-01 -2.064401161102592808e-01
5.872242854201907732e-03 -1.551539917530999346e-01 -2.352950471873407889e-01
2.687970712477614262e-03 -1.561167125225836616e-01 -1.839673466722022144e-01
3.502267162487961768e-03 -1.420345747801538272e-01 -2.638395516338927771e-01
2.865498128709792133e-03 -1.463470020618976852e-01 -2.011419413590610494e-01
3.052298202884945119e-03 -2.095429573953230817e-01 -2.305840176128693408e-01
4.584459415670521371e-03 -1.431854663503245861e-01 -2.019624389587279523e-01
6.179293956602015248e-03 -1.020856341698344188e-01 -1.481025321180542698e-01
4.861774014473753923e-03 -1.539979550193057989e-01 -1.737799966724053735e-01
4.386295364474141097e-03 -1.336377957742399258e-01 -1.975692724999572325e-01
5.125106314675403722e-03 -1.456819265385536910e-01 -1.691580597751477510e-01
5.659178987460845682e-03 -1.885307709072009952e-01 -2.500553764292066106e-01
3.444140305899790790e-03 -2.337464392872092012e-01 -2.908924455270180953e-01
4.029093781534703357e-03 -1.398229965337707548e-01 -1.785132443351944986e-01
1.896333327639305490e-03 -1.409860657148516161e-01 -1.592585620840908933e-01
3.916618114972152641e-03 -2.549051128730330240e-01 -3.219434038902502238e-01
3.143144014533001164e-03 -1.809056428643892322e-01 -2.424893250229873398e-01
3.711127563364828141e-03 -1.465067367387556940e-01 -2.005069568736621566e-01
2.139060750379853659e-03 -1.682059966855967981e-01 -2.301576244555975925e-01
3.752814818990373065e-03 -1.789347249035782017e-01 -1.856817364022509409e-01
4.223264006785116750e-03 -1.591693292331833043e-01 -1.928801486281342126e-01
5.592381809472369777e-03 -9.086849663628634999e-02 -1.082369838463939360e-01
6.682665764131104705e-03 -1.275024733125638687e-01 -1.582565848822540533e-01
1.747951976576154120e-03 -1.920192185422172904e-01 -2.192647429425618466e-01
5.720407107378702553e-03 -1.958791504435750952e-01 -2.193099388314086740e-01
5.293910666395103791e-03 -1.337657657459701555e-01 -1.764303170351675942e-01
3.939353832097151203e-03 -2.180476532517509614e-01 -2.532785719468375607e-01
3.166019684530229326e-03 -1.829833708949150650e-01 -2.279575524215191606e-01
6.505305555714845089e-03 -1.327135112255676819e-01 -1.948571169350119259e-01
3.777512666277808764e-03 -2.069549414909306606e-01 -2.577205420513547507e-01
3.806453724345850668e-03 -1.521389468230340547e-01 -1.884571802346198810e-01
4.749290950631651284e-03 -1.386114279807177385e-01 -1.642115327554241333e-01
4.358300217614842660e-03 -1.554517973421030430e-01 -1.644277342362854555e-01
5.067272212573871101e-03 -1.927231617333803326e-01 -2.364999135995795032e-01
4.328192995107785906e-03 -1.224409371812791025e-01 -1.637273223098075214e-01
4.413763583690221391e-03 -1.539544388044216672e-01 -1.773582753207656737e-01
4.777639846957602333e-03 -1.398804980891087124e-01 -1.478121430727564745e-01
4.975551568529790018e-03 -1.501588739872488087e-01 -1.748908004820779183e-01
2.972872715130982745e-03 -1.385477325555212746e-01 -2.044614665040536405e-01
4.477681249069454146e-03 -2.184165280443115253e-01 -2.655978735663677148e-01
2.717904951279836306e-03 -2.263050567619509235e-01 -2.886514241995766783e-01
2.297992070343969368e-03 -1.418962116107894966e-01 -2.233303911307502054e-01
3.254477582409847324e-03 -1.607122174342362209e-01 -1.813126221204931499e-01
3.234648491584591300e-03 -1.514551291237012376e-01 -1.955098098340892765e-01
2.567849646263874967e-03 -1.352156150379353883e-01 -1.614604996640409407e-01
5.189814570272855906e-03 -1.218866919397828541e-01 -1.470604299560631378e-01
3.838557049403746105e-03 -1.574394195179692757e-01 -1.922485508089024075e-01
3.431830535565019279e-03 -2.145441765065299322e-01 -2.548286663990780854e-01
3.034758240233129210e-03 -1.812396094464065743e-01 -1.977384378402036458e-01
5.195319998016051204e-03 -1.488480412051037538e-01 -1.932018464944887104e-01
3.512037749883564069e-03 -1.999158001143039320e-01 -2.690921186863477477e-01
4.396603065589542274e-03 -1.215778998428705959e-01 -1.606887097502117112e-01
4.198913402934045802e-03 -1.549069058894528561e-01 -2.721237019224826970e-01
