1.049685842069805882e-03 -1.494971096279372746e-01 -2.192992479683268381e-01
6.413608833189206110e-04 -2.007184453962525539e-01 -3.114756996355522167e-01
1.062432287950666439e-03 -1.123464787265334164e-01 -2.168817671794353030e-01
1.462498741580288072e-03 -1.104851832792358851e-01 -2.187952283090117966e-01
1.610207023422747684e-03 -1.781676791670126769e-01 -2.746335624355484839e-01
9.980297837385229687e-04 -1.636817474693863239e-01 -2.529564391218545039e-01
6.142625214593416035e-04 -1.119192500084793124e-01 -2.565099374041497904e-01
1.682627407927626318e-04 -1.667490329071794064e-01 -2.622182460217284405e-01
8.477899468637972724e-04 -1.360933083395639009e-01 -2.248628252323902621e-01
8.867090142158951275e-04 -1.196665966935916287e-01 -3.004704417526723459e-01
9.410167214961661199e-04 -9.098533772034630984e-02 -2.382050225745720451e-01
3.060165395841967602e-04 -9.370945767700256113e-02 -2.097764757448540851e-01
1.168665741147743593e-03 -1.211931394537205664e-01 -2.632172892026702349e-01
5.851312069330925339e-04 -1.861651095126643229e-01 -2.569761917419612351e-01
1.520272934251996650e-04 -1.648938270428005615e-01 -2.349269358951219799e-01
1.048495509135161097e-03 -1.063892208200894890e-01 -2.397864389304948662e-01
6.393044745248560850e-04 -1.914991599346006212e-01 -2.445076576306929317e-01
8.163899947237192398e-04 -1.312954220823801255e-01 -2.653118629346422064e-01
4.907539843251358539e-04 -1.873087991390074980e-01 -2.554079116167785601e-01
6.474326288415197406e-04 -1.012885813892921427e-01 -2.362880895655053437e-01
1.198582819900799066e-03 -1.581822879136491333e-01 -2.822858933102529444e-01
1.105171011586207966e-03 -1.888497041733884496e-01 -3.729694119043049927e-01
7.081044084323386044e-04 -9.465975356596528778e-02 -3.267421219250840059e-01
8.057979321305548410e-04 -1.594651677521040090e-01 -2.509187885131718421e-01
1.562116770924513792e-03 -1.600055586479903480e-01 -3.001146102829311269e-01
1.115263820632689641e-03 -1.301989799472243192e-01 -2.742827010973666324e-01
1.293329539840344048e-03 -1.353646758510005099e-01 -1.951657080158445690e-01
8.777320756134794448e-04 -1.196044863381825890e-01 -3.266987976708045083e-01
7.454961580804272264e-04 -1.148919947385913659e-01 -2.012140041824243553e-01
1.224666019068652812e-03 -1.558401092277329758e-01 -1.828714889775297781e-01
5.741777115692584194e-04 -9.783387037036296585e-02 -3.054091729445014836e-01
1.340609156518220895e-03 -1.411539203970166578e-01 -2.634419854124183114e-01
7.934703832269439979e-04 -1.045322161586560300e-01 -2.384924411222597851e-01
6.864747445696385163e-05 -1.170650508209278157e-01 -2.884267295901493111e-01
1.841968371199252793e-03 -1.686920386093762048e-01 -2.614423208063696991e-01
4.478384675274034465e-04 -1.177999748565660976e-01 -2.713273123667043762e-01
1.151920808611869157e-03 -2.140233624510685106e-01 -2.897839190899438311e-01
7.170647695658801009e-04 -1.763633197506146999e-01 -2.745467179965285220e-01
1.257905463808809852e-03 -1.807943816102035028e-01 -2.930997193944366308e-01
9.542772557318660335e-04 -1.232640136905611972e-01 -2.816994752052502382e-01
2.701244101801888640e-04 -1.309484184344174851e-01 -2.461803433781919737e-01
1.268625537307338817e-03 -1.174323924089533538e-01 -2.797713204028865475e-01
3.197782103500729179e-04 -1.419964420192539045e-01 -2.324369330185046267e-01
1.348887943862072053e-03 -1.637803115428004552e-01 -2.993565930640932904e-01
7.475881204551056191e-04 -1.857483203255249626e-01 -2.304949669875147877e-01
5.191775248024113869e-04 -1.383107428922841775e-01 -3.007825821100147401e-01
1.050568989808660370e-03 -9.204937743609141465e-02 -1.869171037314056316e-01
1.346027533704606191e-03 -1.431651668717918435e-01 -3.053055975519573528e-01
5.594833713339393425e-04 -1.114306337129835761e-01 -1.971673963726135459e-01
3.849240785054466939e-04 -1.189266117684402574e-01 -3.454438516812262105e-01
3.560987392917927736e-04 -1.513617203999160499e-01 -2.022908667847331254e-01
2.877181961955885422e-04 -1.071468451575780384e-01 -2.901391527335561715e-01
1.382784589091742367e-03 -1.529453769039438027e-01 -2.991122692204860045e-01
1.802552805242799757e-03 -1.586715815688642950e-01 -2.493095868011779570e-01
1.476424545878659601e-03 -7.618067102495161558e-02 -2.452143008593366258e-01
1.231442442430000532e-03 -1.732053996168285981e-01 -2.288833724622127419e-01
1.087531107156456539e-03 -1.717708610965866245e-01 -2.516970115782001804e-01
1.420166214484489464e-03 -1.668485684707499972e-01 -2.926164340917222773e-01
3.262916952029199544e-04 -1.671080272578965298e-01 -2.405538020656859122e-01
1.409591462154087321e-03 -1.209331063100511638e-01 -2.814978761978541022e-01
6.738688130262452790e-04 -1.279828544810169833e-01 -2.470004333700953070e-01
8.499861045217882004e-04 -1.483778317222228527e-01 -2.503716267218800140e-01
3.240152822596467337e-04 -1.841261002003715674e-01 -3.284707476325969266e-01
3.001477804493217169e-04 -1.444977839977475420e-01 -2.649984021555911173e-01
6.794023842025232688e-04 -1.836297662989567481e-01 -3.298148896548177555e-01
4.698218331906443943e-04 -8.413077921617825861e-02 -2.879466892279974322e-01
2.965407358823283026e-04 -1.195593845243585057e-01 -2.582264699854008305e-01
1.036219006317280365e-03 -1.275641740308812444e-01 -2.111578827379337331e-01
1.153471487979164985e-03 -1.158489681093982093e-01 -1.840547880804694059e-01
4.207773339770996650e-04 -1.188275021008211724e-01 -2.150506612021669539e-01
7.487629628435984010e-04 -1.167027395881264779e-01 -2.086826013965484006e-01
7.083850850867163878e-04 -9.675135290183453640e-02 -2.198218666608581229e-01
5.036020935661711080e-04 -1.558074021916882324e-01 -2.409350496698261235e-01
7.352361270061719698e-04 -1.449353954101169073e-01 -2.428860429104074403e-01
2.738426117248114831e-04 -1.466460138348377462e-01 -2.431127390224423757e-01
1.352738668984701813e-04 -1.145277406989234498e-01 -2.389562444550499820e-01
1.545121606936918687e-03 -1.356398511894350567e-01 -3.089234142107900594e-01
2.068842803259575557e-05 -1.283397835220070060e-01 -2.691626138135428392e-01
2.052970515094609588e-04 -1.618759800192474951e-01 -2.321247970199478705e-01
1.027885992135612898e-03 -1.436943666402436259e-01 -2.885204847321660160e-01
2.477516658942029442e-04 -1.926997771759974831e-01 -3.274618780375216365e-01
6.420306318353476366e-04 -1.180325124977829043e-01 -2.156639541679896688e-01
2.717133331929105235e-04 -1.328173738615626709e-01 -2.845708973973035683e-01
1.005444030560609684e-03 -1.081925764989529887e-01 -2.101090388887997262e-01
7.127707916110021663e-04 -1.182394753976074159e-01 -2.098556429816267888e-01
9.520200901245901189e-04 -1.180326531834239440e-01 -2.471535695232410790e-01
1.052863341118448828e-03 -1.233717728892333720e-01 -2.527343159903592817e-01
7.387342030411420644e-04 -1.008523683613351402e-01 -2.867019531366158391e-01
3.014960484006467189e-04 -1.324961680848041889e-01 -2.331003872990674575e-01
4.501871267025235319e-04 -1.562024162477411438e-01 -2.650843337834496438e-01
1.111960272881304087e-03 -1.318912827776410890e-01 -2.734779308637532713e-01
3.439118695380536696e-04 -1.279028735439390330e-01 -2.115404679050161274e-01
2.582746437009309512e-04 -1.506719726869704401e-01 -2.980880767515545204e-01
3.113002469070581986e-04 -1.139622523086926270e-01 -2.972040592300067008e-01
1.739469708897855779e-04 -1.612009672191780374e-01 -2.232967736190875074e-01
4.377785229503801520e-04 -1.461130110877898458e-01 -2.546538804545490642e-01
2.144969874031878599e-03 -1.668114866806935936e-01 -2.992887324176045083e-01
6.538492227365377309e-04 -1.726130330125483503e-01 -2.621963044747766536e-01
7.965126961731428760e-04 -1.399030769629215076e-01 -2.038519367897042300e-01
2.925677226522823944e-04 -1.481390296397920858e-01 -2.885662516839297420e-01
