1.551811539294085029e-03 -1.595563912376790627e-01 -2.076215544576028027e-01
7.960424694892886521e-04 -1.669045703843595185e-01 -1.934715985654506809e-01
1.858339907794984451e-03 -1.427861980439384393e-01 -1.719866492260243851e-01
8.310971635386561838e-04 -1.377997076245152663e-01 -1.948070581586027750e-01
1.131412113066543150e-03 -1.352959524733175767e-01 -1.971839838945946277e-01
1.233460015012849929e-03 -1.414914394043710610e-01 -2.066653273921440770e-01
6.585087026442771035e-04 -1.240907718208276167e-01 -1.573657961037752961e-01
9.494180241635860043e-04 -1.377302592664201575e-01 -2.029957282920927808e-01
1.441497101942565418e-03 -1.572027061139397719e-01 -2.721617288434985960e-01
1.290606613262251009e-03 -1.185529507192001203e-01 -1.673324541800537413e-01
1.486338060330737827e-03 -1.472833874578836633e-01 -2.157853874728772603e-01
1.376613578789649076e-03 -1.551858697127903586e-01 -1.670450841301742706e-01
6.912495159477891667e-04 -1.279350582401526937e-01 -1.642179236871846582e-01
1.426205367617930288e-03 -1.207934483561599326e-01 -1.609248390142274110e-01
8.747109525924952333e-04 -1.441966351148928904e-01 -2.127727997474813115e-01
8.814470333439953630e-04 -1.305659180328349600e-01 -1.811125754095391227e-01
1.060748563553507275e-03 -1.089075461291626745e-01 -1.441102698823480965e-01
5.428204655388563357e-04 -1.190561484286502825e-01 -1.612790948070922104e-01
6.935621970012499464e-04 -1.376967946724253766e-01 -2.046430340302770601e-01
1.856147287951580597e-03 -1.351109127335604621e-01 -1.805745201111775000e-01
6.032988176498367766e-04 -1.456821272756266272e-01 -1.998400278144311648e-01
1.723703065198422223e-03 -1.162506009731648499e-01 -2.203935347546524259e-01
8.810226046073102576e-04 -1.309345280379148324e-01 -1.491906728745292510e-01
1.150358187062478117e-03 -1.357744297014662760e-01 -1.837143813787472102e-01
9.339494744807645731e-04 -1.205649518550897525e-01 -1.881516275840542374e-01
5.680834034883148510e-04 -1.414264097126022579e-01 -2.063771059626038629e-01
1.173940898262698651e-03 -1.235265117577066252e-01 -2.019514439598118216e-01
1.728257574063196689e-03 -1.457523259740267640e-01 -1.804871619329572185e-01
4.396696647924473907e-04 -1.224535733120807601e-01 -2.129917703628620151e-01
1.116346967898751647e-03 -1.274998795233441840e-01 -1.737160491516630545e-01
1.273489201502755932e-03 -1.436279562262114673e-01 -1.715208654194986526e-01
1.187335860570887854e-03 -1.368453529986740635e-01 -1.717527938770493923e-01
2.080691372851359560e-03 -1.159058953673598319e-01 -1.707308592748923992e-01
8.359085293037036299e-04 -1.054501964434439720e-01 -2.347038087526237826e-01
1.108890298946491439e-03 -1.217059738643467004e-01 -1.957158959770174400e-01
8.171790274122270195e-04 -1.590564860256163948e-01 -2.444978941209583478e-01
1.858446506481871126e-03 -1.128038284469201347e-01 -1.745740549711937151e-01
1.409399994560270059e-03 -1.782360428987422585e-01 -2.322061567324798792e-01
9.063142040071139058e-04 -1.262925863546449645e-01 -1.573554233685821313e-01
1.779864869738739504e-03 -1.374831268365644399e-01 -2.034227930534925899e-01
1.035074638217099805e-03 -1.536241975785988811e-01 -1.726472400659614659e-01
1.195293897739237816e-03 -1.408401618461023463e-01 -2.004616545092481328e-01
1.370940873759059642e-03 -1.345528168009988146e-01 -1.953600160515606421e-01
1.617881759082821606e-03 -1.433104873409552782e-01 -1.923975843393891660e-01
1.668662746771309730e-03 -1.451332792607934741e-01 -2.730832957353292456e-01
1.950045410711504380e-03 -1.462404245610325337e-01 -1.865639918441119038e-01
1.068870833710480403e-03 -1.232152537936761355e-01 -2.289482876754186103e-01
1.369611619484998634e-03 -1.291718884345704477e-01 -1.839392746810630808e-01
1.538108666468982052e-03 -1.787460114809027445e-01 -2.404230519539632682e-01
1.016903654795658224e-03 -1.353506540060736008e-01 -1.656195675708647119e-01
1.074933431994052647e-03 -1.385525476755157248e-01 -1.584419629469505097e-01
1.224255446429937553e-03 -1.167089881259137929e-01 -1.804911742835308974e-01
9.103420073042202366e-04 -1.638295748860859880e-01 -1.823215041198282815e-01
1.308253662995252989e-03 -1.160481242707838562e-01 -1.703906278919347095e-01
1.130127291885475510e-03 -1.185583670646929294e-01 -1.798556025915300505e-01
1.228690721971639538e-03 -1.593650828754508975e-01 -1.989329618763677199e-01
1.836210514985430831e-03 -1.631911360822652923e-01 -2.110969740908470171e-01
1.620945430681810899e-03 -1.156921092912434612e-01 -1.557752184911032345e-01
1.455094830458431064e-03 -1.244208057239284543e-01 -1.757484729101644050e-01
1.496476237691061551e-03 -1.424254212539208253e-01 -2.143469356790828895e-01
1.370651471347305011e-03 -1.442088525303402979e-01 -2.837872327734831113e-01
1.091016762971388533e-03 -1.199620616130146061e-01 -2.169342241980957708e-01
1.021942295672468573e-03 -1.439718533843717951e-01 -1.904351911228507055e-01
1.835002233181641821e-03 -1.608401543235493947e-01 -2.630955139923095709e-01
1.650883109771816327e-03 -1.228883862517501646e-01 -2.017978676209268574e-01
1.757714313842400483e-03 -1.516225235765220336e-01 -1.806473931923029408e-01
1.802590880731949792e-03 -1.339289003439398384e-01 -1.829518345102142396e-01
1.209637846665226595e-03 -1.342897021325186735e-01 -1.786465768761120454e-01
9.255102414592001215e-04 -1.277608814702273221e-01 -2.140165991560910586e-01
1.972835094059076973e-03 -1.061323688755787670e-01 -1.859412241541535948e-01
1.281846854920038522e-03 -1.300240041301130856e-01 -1.694652990495054967e-01
1.056142573177199428e-03 -1.523530035886030976e-01 -2.074295243704154246e-01
5.357961813544157015e-04 -1.504538941965830046e-01 -1.782461361911483744e-01
2.002847139844506942e-03 -1.412114495306298068e-01 -2.282790603981099120e-01
8.193253512961279090e-04 -1.719648317180865194e-01 -2.028565759750275144e-01
1.424213042344967721e-03 -1.094834898692336050e-01 -2.115037655152518514e-01
1.978427087750951954e-03 -1.250190036116094472e-01 -1.602886146986879090e-01
1.705464426369394937e-03 -1.294346826299140607e-01 -2.355237447804251760e-01
9.181519564385855290e-04 -1.402114885314239001e-01 -2.128004089993006109e-01
1.291963990264517444e-03 -1.561579479919909252e-01 -2.042155941683457820e-01
1.418373836327763019e-03 -1.468122137549059125e-01 -1.807922210127733686e-01
1.920557729210655221e-03 -1.531876289009549141e-01 -2.021558684815055462e-01
9.704343820594459828e-04 -1.282771437014001981e-01 -2.171052609528202337e-01
1.056531340091268608e-03 -1.600662238132161963e-01 -2.322043500131466820e-01
1.053919283481388053e-03 -1.135076461767652034e-01 -1.474173268350083832e-01
1.428886035875044560e-03 -1.566436997465987802e-01 -1.870962717297728894e-01
2.376929389385145936e-03 -1.186794935814225044e-01 -1.898155869208679458e-01
1.554526587348791433e-03 -1.417045536355004964e-01 -1.655844021565091861e-01
1.865621257953942527e-03 -1.819493183413717907e-01 -2.137626584514110417e-01
2.195074280208827479e-03 -1.106766284229191849e-01 -2.330888094277746847e-01
1.282263551680950771e-03 -1.718528021646053561e-01 -1.805212572963337814e-01
1.074512863421356670e-03 -1.557472243366405940e-01 -1.788841934181752136e-01
8.417024588780292697e-04 -1.713422110671014298e-01 -2.435085747668770118e-01
1.288594507298765823e-03 -1.652788326093939664e-01 -2.357461872750055698e-01
8.221437022827852081e-04 -1.337411928816344131e-01 -1.966436139006889350e-01
6.843758770081792737e-04 -1.751646565139148848e-01 -2.212961352698876172e-01
1.687972226072964859e-03 -1.526385422652820623e-01 -1.940986201447887916e-01
7.758852129734040244e-04 -1.268368855497081504e-01 -1.553594918018102733e-01
1.612973712774580862e-03 -1.481347795055222571e-01 -2.295623608049821296e-01
5.997608666733410211e-04 -1.424159132148361540e-01 -2.142243636576096621e-01
