4.634903002127604629e-03 -1.591794086590318236e-01 -2.672216997724541354e-01
3.009155545871200141e-03 -1.444266909752486838e-01 -1.957580210253537234e-01
2.781843200287341389e-03 -1.320129597777488228e-01 -1.636142822525365748e-01
2.142412676714926505e-03 -9.401141475116209234e-02 -1.599164675634712762e-01
2.806508685811654955e-03 -1.450274705060947966e-01 -2.987615286297847228e-01
4.568224874195406238e-03 -1.885974321364547179e-01 -2.310047398740181779e-01
7.798113358104332175e-04 -1.476028429669551112e-01 -2.117729276560468277e-01
2.449730132825413652e-03 -1.296200143197797638e-01 -2.418558733952798356e-01
4.116317376575411024e-03 -1.309476610214117820e-01 -2.319267658051103465e-01
1.936389179546166078e-03 -1.612379604622146134e-01 -3.003897891685212151e-01
3.131078226093508311e-03 -1.400427033414475553e-01 -1.956071483723934024e-01
2.743948992353889994e-03 -1.848197152767553364e-01 -2.832045603802174627e-01
2.835199912911543722e-03 -1.427231781702708036e-01 -2.634462080550699081e-01
2.060970582490862044e-03 -2.407743526563595748e-01 -3.587837654017401179e-01
1.609176628309429147e-03 -1.743580452038404061e-01 -3.045346036259263811e-01
1.776465764734526430e-03 -1.235908632953433423e-01 -2.140909272240625050e-01
4.187556517442916904e-03 -1.278321484041827494e-01 -3.427683059386211761e-01
2.775635477653346818e-03 -1.720937327280122886e-01 -2.354530212044392001e-01
2.600872369333607700e-03 -1.949112855813807943e-01 -2.673282547315123936e-01
1.808640080393393362e-03 -1.270349382884028433e-01 -1.852986749458465088e-01
2.064796499511856610e-03 -1.174174103995657276e-01 -1.700036598659126208e-01
3.995033025397826468e-03 -1.674467609540793156e-01 -2.463395023042481702e-01
3.074596497771516466e-03 -1.478645743867876561e-01 -1.710958385884375765e-01
2.011906354222678904e-03 -1.785603257994734239e-01 -3.149344648033519101e-01
2.218410019841030381e-03 -1.688849662400666030e-01 -1.925630142995005678e-01
2.916541235662059237e-03 -1.515825511114980151e-01 -2.515530654291496804e-01
2.263296224342566370e-03 -1.372947261135319119e-01 -2.808648365983276163e-01
1.888736558668553710e-03 -2.164049118188405563e-01 -2.501889670324124459e-01
4.796573169423549348e-04 -2.047028921260793388e-01 -2.953615974588102988e-01
1.242704353019089946e-03 -1.198165183642448256e-01 -2.311933826738439834e-01
3.678037547770725800e-03 -7.974373588555359882e-02 -1.438388007705996563e-01
3.064961177019443969e-03 -1.447873266742853438e-01 -3.095997020720238080e-01
5.222101737688988714e-03 -1.466701981821111056e-01 -1.989306049746790706e-01
1.458385311955467728e-03 -1.506977170688000023e-01 -2.520160565840150468e-01
1.993411007352985029e-03 -2.111080349735665884e-01 -2.322752257193162195e-01
3.509384994377661316e-03 -1.876358832417547584e-01 -3.596622336626825733e-01
7.886132944476558935e-04 -1.921916100208917177e-01 -2.386902730830672836e-01
3.437225026898383176e-03 -1.530501989289931586e-01 -3.143162873246274081e-01
1.535785236813140726e-03 -2.094562027189368347e-01 -2.554742279722213572e-01
1.416644031551573309e-03 -1.429132153595130128e-01 -1.696251894347706457e-01
3.437039501059189171e-03 -1.648586029091521910e-01 -3.472679072261579680e-01
2.766156599486458388e-03 -1.756405935973660015e-01 -2.509180342812692976e-01
4.880366479972585679e-03 -1.436795842387841304e-01 -2.916168541780309043e-01
1.270467397813030948e-03 -2.055794349597409587e-01 -2.570641718081582705e-01
9.006172091501363783e-04 -2.478798565008859811e-01 -3.745315530903284840e-01
2.131441886130561701e-03 -1.589026732476082060e-01 -2.019833292832191318e-01
3.080179011154115989e-03 -1.916917406947709901e-01 -2.981054426203970098e-01
3.741735827465395622e-03 -1.841985606453070967e-01 -2.672229992883615179e-01
1.637312413767892704e-03 -1.487986469271163625e-01 -3.093760644986318087e-01
1.259320912188915302e-03 -1.331808804697585391e-01 -1.870220720906100031e-01
1.700714423610561648e-03 -2.395173451223122918e-01 -2.609317844925069796e-01
4.785720325163949837e-03 -2.416122111219443924e-01 -2.646459264617374574e-01
1.692237611262672938e-03 -2.002996500866019991e-01 -2.725796874499041844e-01
2.696215473711453380e-03 -1.821066635463046979e-01 -2.165972050370039981e-01
1.922240273553007693e-03 -1.597992076307346299e-01 -2.061195380128154897e-01
1.519276721528899955e-03 -1.565200535215930389e-01 -2.097109699668353033e-01
1.432055369004762947e-03 -2.467290235402214427e-01 -3.091574582943378835e-01
1.655558440302713243e-03 -1.703199398539351483e-01 -2.164551555787116721e-01
3.336468701166829445e-03 -1.652930316477050632e-01 -3.028544311437599279e-01
1.313811752986905265e-03 -1.883722939909805438e-01 -2.515919698184360120e-01
4.236337351630936783e-03 -1.383608096612890803e-01 -2.011724377188775503e-01
1.549570426472433003e-03 -1.781597650273784583e-01 -2.648342316041857325e-01
1.677772816384721661e-03 -1.499853731070159013e-01 -3.339723422229444183e-01
1.581784579256178538e-03 -1.309502879629324545e-01 -2.956893445081537064e-01
2.520636616792081529e-03 -1.618672871619404874e-01 -1.965909969026435056e-01
3.614416063489656310e-03 -1.243514367416220096e-01 -2.686134507933348736e-01
1.669989079987317313e-03 -1.964635569507094670e-01 -2.430006464075368522e-01
2.002539864654167071e-03 -1.838738244493118845e-01 -2.518106891690783389e-01
2.616535954857488345e-03 -1.580310376010726492e-01 -2.398813852603757790e-01
2.743011137092175779e-03 -1.468510722234377397e-01 -2.150855301572846545e-01
3.015520728760670566e-03 -1.972321413486936847e-01 -3.262008986455322557e-01
7.052871490426734650e-04 -2.063570891085937664e-01 -3.093444515575218823e-01
2.784601350110104800e-03 -2.208697155960347158e-01 -2.527427331683206879e-01
1.178886695823824424e-03 -1.503774268393893998e-01 -2.631812654525239048e-01
2.139303289772834151e-03 -2.314661976334881355e-01 -2.929339442893184042e-01
5.482310335605688860e-03 -2.040810441138140308e-01 -3.042922266096707573e-01
2.268604258409895932e-03 -1.510939790100222502e-01 -2.185739725221746699e-01
6.762360376663483202e-04 -1.138622541032304480e-01 -2.124271335987624465e-01
6.717454552721817840e-04 -1.749619412437954935e-01 -2.933772260710158508e-01
2.384017216106471253e-03 -1.628160762633669434e-01 -3.395320356767517755e-01
1.187058726244434549e-03 -1.904556703680903296e-01 -2.482055753569405165e-01
7.244600435961593560e-04 -1.776108295174055329e-01 -3.242651773580911834e-01
1.750214840135510142e-03 -1.575075394607926005e-01 -2.225470080078773005e-01
1.460820525261372852e-03 -1.613729326956384325e-01 -2.161996413761917701e-01
3.478471131851078139e-03 -1.763169187838287966e-01 -2.976245930550235341e-01
3.475621959511103302e-03 -1.057666840863839691e-01 -1.506479099218463458e-01
2.461470078544171925e-03 -1.473758630867683106e-01 -2.394178273888227237e-01
1.550755709107122862e-03 -1.379878603746779731e-01 -1.985230476157427426e-01
2.904225434782985952e-03 -1.573077097705787575e-01 -2.669360549520335968e-01
1.326666081178236225e-03 -2.176166419979518596e-01 -3.014457913632140329e-01
3.667429558956931349e-03 -1.368922534778390654e-01 -2.297126354452720676e-01
3.259327620267829517e-03 -7.849269167334395336e-02 -2.531407325898984984e-01
1.889047713927364744e-03 -2.052143224309101455e-01 -2.940756398649709835e-01
3.811174957375036091e-03 -1.271777723463766996e-01 -2.699422708423623862e-01
2.700888084927139353e-03 -1.583370444670664234e-01 -2.107234403544978318e-01
2.100297413357440392e-03 -1.018641995422561314e-01 -2.400775567625488272e-01
5.103517341071021375e-03 -1.793460815237799544e-01 -2.912958194350561136e-01
3.476126565838058222e-03 -2.050087240542106393e-01 -2.839668383593941248e-01
1.385497191238832786e-03 -1.854425852461683843e-01 -2.142788478043524958e-01
3.166160371520163486e-03 -1.200441224075986663e-01 -2.334259737722689521e-01
