1.248163265306122538e+00 1.735836734693877403e+01 1.511591836734693928e+01
1.584489795918367250e+00 2.510367346938775412e+01 2.620408163265306101e+01
1.348571428571428532e+00 1.359102040816326529e+01 2.099020408163265472e+01
1.101224489795918471e+00 1.830857142857142961e+01 2.047755102040816411e+01
1.773877551020408116e+00 1.981795918367346943e+01 2.457551020408163112e+01
1.558367346938775544e+00 1.540326530612244937e+01 2.732163265306122568e+01
1.029387755102040725e+00 1.556000000000000050e+01 1.978530612244897924e+01
8.008163265306122991e-01 1.855999999999999872e+01 2.253387755102040657e+01
1.201632653061224465e+00 1.579428571428571360e+01 1.747673469387754963e+01
1.486530612244898020e+00 2.161387755102040842e+01 3.425959183673469255e+01
2.619591836734693757e+00 9.129795918367346275e+00 1.917795918367346886e+01
1.449795918367347003e+00 1.196163265306122447e+01 2.118938775510203953e+01
1.057959183673469417e+00 1.339755102040816404e+01 2.146040816326530631e+01
7.093877551020407735e-01 1.614775510204081499e+01 1.869714285714285751e+01
1.212244897959183776e+00 1.526530612244897966e+01 2.136244897959183575e+01
1.632653061224489832e+00 1.120653061224489733e+01 2.145714285714285552e+01
1.088163265306122396e+00 1.923265306122448948e+01 2.834040816326530532e+01
1.065306122448979487e+00 2.047020408163265159e+01 1.966693877551020364e+01
2.004897959183673528e+00 2.456897959183673308e+01 2.424571428571428555e+01
1.302857142857142936e+00 1.348897959183673478e+01 2.167836734693877432e+01
2.926530612244897966e+00 1.593224489795918331e+01 2.800000000000000000e+01
2.850612244897959169e+00 2.051020408163265429e+01 3.029551020408163353e+01
8.522448979591836782e-01 9.038367346938775526e+00 2.104816326530612258e+01
1.880816326530612148e+00 1.643102040816326692e+01 2.484897959183673422e+01
9.151020408163265119e-01 1.555591836734693878e+01 2.707265306122448933e+01
1.315918367346938789e+00 1.548163265306122405e+01 3.120653061224489733e+01
1.254693877551020353e+00 1.903346938775510111e+01 2.640326530612244937e+01
2.439999999999999947e+00 1.442612244897959251e+01 2.707020408163265301e+01
9.142857142857142572e-01 1.444244897959183760e+01 2.206775510204081669e+01
8.628571428571428781e-01 1.701959183673469411e+01 2.262857142857142989e+01
2.217142857142857082e+00 1.493306122448979600e+01 3.495510204081632821e+01
3.333877551020408170e+00 1.828244897959183746e+01 2.037551020408163183e+01
2.502040816326530415e+00 1.603591836734693743e+01 2.457224489795918387e+01
8.791836734693877498e-01 2.139102040816326422e+01 2.727836734693877574e+01
2.635102040816326596e+00 2.027102040816326678e+01 2.714857142857142946e+01
1.117551020408163343e+00 1.577795918367346850e+01 1.754448979591836633e+01
8.946938775510203667e-01 1.815183673469387671e+01 2.337061224489795919e+01
8.824489795918367685e-01 1.932489795918367292e+01 2.386285714285714121e+01
1.897142857142857242e+00 2.332408163265306200e+01 2.469959183673469383e+01
7.453061224489796466e-01 1.303591836734693921e+01 2.083265306122449090e+01
6.016326530612244872e-01 1.483102040816326550e+01 2.861795918367347014e+01
2.067755102040816251e+00 1.537959183673469354e+01 2.850285714285714178e+01
2.319183673469387585e+00 2.155755102040816240e+01 2.596571428571428442e+01
1.731428571428571539e+00 1.799591836734693828e+01 2.417061224489795990e+01
8.955102040816326214e-01 2.051918367346938865e+01 2.224979591836734727e+01
1.247346938775510283e+00 1.479183673469387728e+01 2.556734693877551123e+01
1.280000000000000027e+00 1.069469387755102119e+01 1.799918367346938908e+01
1.594285714285714306e+00 1.251020408163265252e+01 2.303020408163265387e+01
1.475918367346938709e+00 1.794612244897959030e+01 1.939591836734694041e+01
7.551020408163264808e-01 1.264979591836734762e+01 2.783755102040816354e+01
9.828571428571428736e-01 2.006530612244898037e+01 2.355265306122448976e+01
5.134693877551020913e-01 1.362612244897959179e+01 2.465061224489796032e+01
1.310204081632653006e+00 2.187102040816326465e+01 3.136734693877551194e+01
2.002448979591836764e+00 1.898775510204081485e+01 2.194367346938775398e+01
3.680816326530612415e+00 9.067755102040816695e+00 2.115918367346938922e+01
1.280816326530612281e+00 2.034612244897959243e+01 2.371999999999999886e+01
2.025306122448979451e+00 2.333469387755102176e+01 2.312816326530612088e+01
1.221224489795918355e+00 2.097387755102040785e+01 3.209142857142857252e+01
8.628571428571428781e-01 1.411999999999999922e+01 1.825306122448979451e+01
1.110204081632653050e+00 1.526285714285714334e+01 2.452244897959183589e+01
1.374693877551020460e+00 1.520081632653061199e+01 2.613306122448979707e+01
1.463673469387755111e+00 1.898204081632653129e+01 2.425877551020408163e+01
1.149387755102040831e+00 1.879265306122448820e+01 2.631591836734693857e+01
1.018775510204081636e+00 1.731918367346938936e+01 2.294938775510204110e+01
1.159999999999999920e+00 1.895836734693877546e+01 2.973469387755102034e+01
1.195102040816326427e+00 1.485061224489795961e+01 2.126448979591836874e+01
1.783673469387755173e+00 1.150693877551020350e+01 2.230285714285714249e+01
1.322448979591836826e+00 1.575510204081632715e+01 2.568163265306122511e+01
1.156734693877551123e+00 1.489306122448979508e+01 2.791836734693877631e+01
5.885714285714285232e-01 1.410938775510204124e+01 2.101306122448979607e+01
1.431020408163265367e+00 1.120979591836734635e+01 2.626693877551020506e+01
1.238367346938775482e+00 1.134448979591836704e+01 1.891346938775510367e+01
8.073469387755102256e-01 1.240571428571428569e+01 1.837142857142857011e+01
1.573877551020408161e+00 1.418530612244897959e+01 2.185142857142857054e+01
7.118367346938775375e-01 1.470040816326530653e+01 2.592081632653061263e+01
6.563265306122448850e-01 1.831836734693877489e+01 2.704081632653061362e+01
1.398367346938775402e+00 1.293795918367346864e+01 1.539673469387755134e+01
8.628571428571428781e-01 1.612816326530612088e+01 2.491183673469387827e+01
3.722448979591836959e-01 1.733877551020407992e+01 1.758775510204081627e+01
2.004897959183673528e+00 1.283999999999999986e+01 2.077142857142857224e+01
5.126530612244898366e-01 2.495020408163265202e+01 3.553061224489795933e+01
9.436734693877550928e-01 1.389387755102040778e+01 2.129061224489796089e+01
6.791836734693877942e-01 1.423755102040816389e+01 2.470285714285714462e+01
1.052244897959183634e+00 1.866448979591836732e+01 2.350367346938775626e+01
2.612244897959183465e+00 1.462530612244897910e+01 1.842693877551020520e+01
1.707755102040816375e+00 1.410612244897959222e+01 1.864163265306122597e+01
2.445714285714285730e+00 1.299918367346938730e+01 2.556081632653061320e+01
1.391020408163265332e+00 2.373306122448979494e+01 3.324734693877550740e+01
9.534693877551020380e-01 1.584326530612244888e+01 2.004653061224489718e+01
8.595918367346938593e-01 1.486775510204081563e+01 2.045714285714285552e+01
1.254693877551020353e+00 1.476571428571428513e+01 2.983836734693877446e+01
7.412244897959183731e-01 1.296979591836734613e+01 1.581142857142857139e+01
6.040816326530612512e-01 1.858285714285714363e+01 3.231755102040816041e+01
7.314285714285714279e-01 1.411346938775510118e+01 2.854530612244898080e+01
1.110204081632653050e+00 1.398530612244898030e+01 2.367428571428571260e+01
9.216326530612244383e-01 1.646693877551020435e+01 2.577714285714285580e+01
1.822040816326530699e+00 1.773061224489795862e+01 2.814040816326530603e+01
8.595918367346938593e-01 2.039918367346938766e+01 2.711591836734693928e+01
8.759183673469387310e-01 1.847265306122449147e+01 2.007265306122448933e+01
2.783673469387755173e-01 1.597387755102040785e+01 2.446448979591836803e+01
