3.337142857142857189e+00 1.436489795918367385e+01 1.878938775510204096e+01
2.779591836734693899e+00 1.887755102040816269e+01 2.574367346938775469e+01
9.444081632653061220e+00 2.534285714285714164e+01 2.577632653061224488e+01
5.844897959183673386e+00 1.635591836734693771e+01 2.451673469387755233e+01
4.646530612244897718e+00 1.644734693877551024e+01 2.833306122448979636e+01
3.908571428571428363e+00 2.296489795918367349e+01 2.428081632653061206e+01
1.901224489795918293e+00 2.018040816326530518e+01 2.919836734693877389e+01
2.942040816326530805e+00 1.655836734693877688e+01 2.381061224489796047e+01
3.445714285714285730e+00 1.720897959183673365e+01 2.992979591836734699e+01
3.980408163265306332e+00 1.571346938775510260e+01 2.316489795918367278e+01
5.854693877551020442e+00 2.755918367346938780e+01 1.750612244897959258e+01
3.013877551020408330e+00 1.935020408163265415e+01 2.656081632653061320e+01
3.318367346938775331e+00 1.599755102040816368e+01 2.959020408163265259e+01
1.985306122448979638e+00 1.599428571428571466e+01 2.237387755102040643e+01
4.350204081632653264e+00 1.838448979591836618e+01 3.099755102040816368e+01
3.253061224489795844e+00 1.951755102040816325e+01 2.446775510204081527e+01
4.999183673469388189e+00 1.381224489795918409e+01 2.734367346938775611e+01
3.343673469387755226e+00 2.345551020408163367e+01 2.960734693877551038e+01
3.321632653061224349e+00 1.778367346938775384e+01 2.277551020408163396e+01
1.371428571428571441e+00 1.450775510204081620e+01 1.816163265306122554e+01
3.954285714285714182e+00 1.782530612244897839e+01 2.033632653061224360e+01
4.049795918367347092e+00 1.484163265306122526e+01 1.643102040816326692e+01
4.032653061224490187e+00 2.212653061224489903e+01 2.451020408163265429e+01
2.028571428571428470e+00 2.192408163265305987e+01 3.506938775510204209e+01
2.494693877551020567e+00 2.092734693877551067e+01 2.277306122448979764e+01
1.367510204081632708e+01 1.588653061224489882e+01 2.067020408163265444e+01
3.406530612244897949e+00 1.509632653061224516e+01 2.881632653061224403e+01
2.302857142857142936e+00 1.875265306122448905e+01 2.364816326530612400e+01
2.413877551020408241e+00 1.749959183673469454e+01 2.104489795918367179e+01
4.254693877551020798e+00 1.381306122448979679e+01 2.175755102040816169e+01
4.360000000000000320e+00 1.843591836734693956e+01 1.986693877551020293e+01
2.283265306122448823e+00 1.340408163265306207e+01 2.411510204081632480e+01
2.991836734693877453e+00 1.871020408163265358e+01 2.466367346938775640e+01
2.961632653061224474e+00 1.870693877551020279e+01 2.786285714285714121e+01
2.236734693877551194e+00 1.802530612244898123e+01 2.581877551020408035e+01
3.474285714285714199e+00 1.471428571428571352e+01 2.340244897959183845e+01
1.639183673469387648e+00 1.914775510204081499e+01 2.651102040816326522e+01
3.840816326530612113e+00 2.033061224489796004e+01 3.105632653061224602e+01
1.678367346938775428e+00 1.971265306122448990e+01 2.359510204081632523e+01
3.305306122448979700e+00 2.194367346938775398e+01 2.725877551020408163e+01
4.774693877551020371e+00 1.402775510204081577e+01 2.933632653061224360e+01
1.852244897959183678e+00 1.699918367346938908e+01 2.286448979591836661e+01
3.304489795918367445e+00 1.716979591836734542e+01 3.127836734693877574e+01
2.361632653061224385e+00 1.858285714285714363e+01 2.123755102040816212e+01
1.505306122448979655e+00 2.081959183673469482e+01 2.656326530612244952e+01
3.011428571428571566e+00 1.917061224489795990e+01 2.491428571428571459e+01
2.710204081632653139e+00 1.291836734693877631e+01 2.514693877551020407e+01
2.579591836734693722e+00 1.623265306122448948e+01 3.688163265306122440e+01
2.596734693877551070e+00 1.406448979591836768e+01 2.144734693877551024e+01
2.230204081632653157e+00 1.876979591836734684e+01 2.243673469387755048e+01
2.684897959183673688e+00 2.117551020408163254e+01 2.206040816326530773e+01
2.250612244897959080e+00 1.860979591836734670e+01 2.218448979591836689e+01
2.991836734693877453e+00 1.385224489795918323e+01 1.988326530612244980e+01
2.319183673469387585e+00 2.190367346938775484e+01 1.807102040816326394e+01
7.477551020408163218e+00 2.125061224489795819e+01 2.107428571428571473e+01
1.952653061224489894e+00 1.846612244897959343e+01 2.937224489795918458e+01
2.612244897959183465e+00 2.187102040816326465e+01 2.003265306122449019e+01
2.260408163265306136e+00 2.070285714285714462e+01 2.598857142857142932e+01
5.838367346938775349e+00 1.846612244897959343e+01 2.724326530612244923e+01
3.944489795918367125e+00 2.741306122448979465e+01 2.157469387755102019e+01
3.419591836734694024e+00 1.946448979591836803e+01 3.552408163265305774e+01
2.048163265306122582e+00 1.500816326530612166e+01 2.338612244897959158e+01
2.779591836734693899e+00 1.569306122448979579e+01 2.524816326530612187e+01
6.181224489795918764e+00 1.471346938775510260e+01 2.512979591836734627e+01
3.160816326530612397e+00 2.033061224489796004e+01 2.517306122448979622e+01
5.381224489795918053e+00 1.972326530612244966e+01 3.703265306122448663e+01
1.717551020408163209e+00 2.033632653061224360e+01 2.508163265306122369e+01
3.013877551020408330e+00 1.924571428571428555e+01 2.333714285714285808e+01
4.444897959183673031e+00 1.650285714285714178e+01 2.301795918367346871e+01
3.158367346938775633e+00 1.766285714285714192e+01 1.842693877551020520e+01
1.470204081632653148e+00 1.954367346938775540e+01 2.427755102040816482e+01
1.927346938775510221e+00 1.761061224489795762e+01 3.259102040816326706e+01
3.954285714285714182e+00 2.780816326530612415e+01 2.878775510204081556e+01
2.034285714285714253e+00 1.626122448979591795e+01 2.537142857142857011e+01
2.641632653061224634e+00 2.276326530612244881e+01 2.535836734693877403e+01
5.599999999999999645e+00 1.872979591836734770e+01 2.315510204081632750e+01
4.017142857142856904e+00 1.734938775510203968e+01 2.029714285714285538e+01
1.609795918367346923e+00 1.678367346938775384e+01 2.282448979591836746e+01
2.149387755102040831e+00 1.826040816326530702e+01 2.681142857142857139e+01
2.390204081632652855e+00 2.248897959183673478e+01 3.644408163265305944e+01
2.008979591836734802e+00 1.838448979591836618e+01 1.891346938775510367e+01
1.871020408163265314e+00 1.544816326530612294e+01 2.709306122448979437e+01
3.879183673469387639e+00 2.275346938775510353e+01 1.938612244897959158e+01
2.478367346938775473e+00 2.074122448979591837e+01 2.545714285714285552e+01
2.590204081632653033e+00 1.906938775510204209e+01 2.492408163265305987e+01
7.870204081632652837e+00 1.677469387755101948e+01 2.963591836734693885e+01
5.649795918367346736e+00 1.665714285714285836e+01 2.398448979591836761e+01
3.308571428571428719e+00 1.871102040816326451e+01 1.702938775510203939e+01
4.551836734693877951e+00 1.977142857142857224e+01 3.082204081632653114e+01
1.714285714285714191e+00 2.073795918367347113e+01 3.335836734693877759e+01
5.159183673469387443e+00 1.326122448979591795e+01 2.153877551020408276e+01
3.013877551020408330e+00 1.644816326530612116e+01 2.649469387755102190e+01
2.622040816326530521e+00 1.671183673469387898e+01 2.428408163265306285e+01
5.462857142857142634e+00 1.465551020408163296e+01 2.134612244897959243e+01
6.017959183673469603e+00 1.834204081632653072e+01 2.033714285714285808e+01
2.812244897959183643e+00 1.275183673469387813e+01 1.830857142857142961e+01
3.768163265306122334e+00 2.035999999999999943e+01 2.942775510204081613e+01
2.974693877551020549e+00 2.162285714285714278e+01 2.208979591836734713e+01
2.132244897959183483e+00 1.406448979591836768e+01 1.829224489795918274e+01
2.174693877551020282e+00 1.413224489795918437e+01 1.838367346938775526e+01
