4.654343434343434005e+00 2.719272727272727153e+01 3.341090909090909378e+01
2.579393939393939572e+00 2.373414141414141554e+01 2.722666666666666657e+01
5.642828282828283193e+00 3.509656565656565874e+01 4.188909090909091049e+01
4.161616161616161769e+00 2.465434343434343489e+01 2.774929292929292757e+01
2.835353535353535293e+00 2.625434343434343276e+01 2.475777777777777899e+01
2.752323232323232283e+00 2.091212121212121389e+01 2.798060606060606048e+01
3.357373737373737566e+00 2.111515151515151345e+01 2.767030303030303173e+01
2.713333333333333375e+00 2.026000000000000156e+01 2.921919191919191761e+01
6.944444444444444642e+00 2.936303030303030326e+01 4.313939393939394051e+01
5.444040404040404013e+00 1.963212121212121275e+01 2.532686868686868564e+01
5.594949494949495339e+00 2.443131313131313220e+01 2.966303030303030397e+01
2.780606060606060748e+00 2.989878787878787847e+01 3.776787878787878583e+01
3.367272727272727195e+00 2.008242424242424207e+01 2.960161616161616038e+01
2.857171717171717251e+00 2.311252525252525203e+01 3.214444444444444571e+01
3.143232323232323377e+00 2.000080808080808126e+01 3.409191919191918885e+01
1.783232323232323280e+00 1.912222222222222356e+01 2.351171717171717290e+01
3.809090909090909083e+00 2.425858585858586025e+01 2.759111111111111114e+01
1.822222222222222188e+00 2.057757575757575808e+01 2.574383838383838352e+01
4.528484848484848335e+00 2.967010101010101053e+01 3.932848484848484816e+01
5.014141414141414010e+00 2.402747474747474854e+01 3.259393939393939377e+01
3.641212121212121122e+00 1.908101010101010075e+01 2.172989898989899160e+01
6.589898989898990145e+00 2.848626262626262573e+01 4.121353535353535591e+01
3.434343434343434254e+00 2.795797979797979949e+01 3.790202020202020350e+01
2.997777777777777874e+00 2.345353535353535435e+01 2.748929292929292956e+01
3.148282828282828127e+00 2.541636363636363782e+01 2.575838383838383905e+01
7.889292929292929024e+00 2.279414141414141426e+01 2.941878787878787804e+01
5.840808080808081115e+00 2.229171717171717049e+01 3.226808080808081058e+01
3.132121212121212306e+00 2.509737373737373645e+01 2.480565656565656596e+01
2.191515151515151416e+00 1.778828282828282781e+01 2.741070707070706902e+01
3.081212121212121069e+00 2.184949494949495019e+01 2.190060606060606219e+01
6.009696969696969759e+00 2.224141414141413975e+01 3.619959595959596044e+01
2.457373737373737210e+00 2.551010101010101039e+01 3.887818181818181529e+01
4.776565656565656681e+00 2.318222222222222229e+01 3.192565656565656695e+01
3.639595959595959496e+00 1.911818181818181728e+01 3.654141414141414401e+01
2.668888888888889088e+00 1.832242424242424406e+01 3.344969696969697281e+01
2.193131313131313043e+00 2.650000000000000000e+01 3.453313131313131379e+01
4.083232323232323324e+00 2.700828282828282667e+01 2.896323232323232233e+01
5.163434343434343710e+00 3.576323232323232304e+01 4.832949494949495062e+01
3.174949494949494966e+00 2.382464646464646307e+01 3.154323232323232418e+01
2.482424242424242422e+00 2.270767676767676591e+01 2.790202020202020350e+01
2.665858585858585705e+00 3.594404040404040757e+01 3.574949494949495232e+01
3.429494949494949374e+00 2.647575757575757649e+01 3.494222222222222030e+01
4.102424242424242529e+00 2.824464646464646478e+01 3.478848484848484901e+01
5.175757575757575779e+00 2.285959595959596058e+01 3.248707070707070699e+01
2.871111111111110947e+00 2.485737373737373801e+01 4.083131313131313078e+01
4.218181818181817810e+00 2.739777777777777601e+01 2.721999999999999886e+01
2.113131313131312972e+00 1.900747474747474897e+01 2.809595959595959513e+01
4.242222222222221895e+00 2.538565656565656425e+01 3.930808080808080973e+01
3.133535353535353618e+00 2.284767676767676647e+01 3.820363636363636317e+01
2.499191919191919187e+00 2.684606060606060751e+01 2.924101010101010090e+01
3.325050505050505034e+00 2.020505050505050448e+01 2.963393939393939291e+01
4.490505050505050555e+00 2.307959595959595944e+01 3.132121212121212039e+01
3.229090909090909012e+00 2.753515151515151516e+01 2.920787878787878711e+01
4.728888888888889142e+00 2.581979797979797908e+01 3.842000000000000171e+01
2.549292929292929166e+00 2.293414141414141483e+01 2.820989898989898848e+01
4.271515151515151487e+00 2.152707070707070613e+01 2.719333333333333158e+01
3.393939393939394034e+00 2.572444444444444400e+01 3.279595959595959442e+01
9.817373737373737086e+00 2.569616161616161776e+01 3.203131313131313362e+01
4.982424242424242422e+00 2.056383838383838381e+01 3.199030303030303202e+01
2.854141414141414312e+00 2.725090909090909008e+01 4.325878787878787790e+01
4.218181818181817810e+00 2.901171717171717290e+01 4.155050505050505194e+01
4.530909090909091219e+00 2.089131313131313306e+01 3.198545454545454447e+01
4.785252525252524869e+00 2.215434343434343489e+01 2.917010101010101053e+01
8.041212121212121033e+00 2.846626262626262616e+01 3.925333333333333030e+01
3.610505050505050662e+00 2.557070707070706916e+01 2.636262626262626085e+01
3.188686868686868792e+00 2.729515151515151672e+01 3.249616161616161492e+01
4.170505050505050271e+00 3.071676767676767739e+01 3.958363636363636573e+01
4.664848484848485022e+00 2.758383838383838338e+01 3.402585858585858603e+01
2.431515151515151629e+00 2.899858585858585869e+01 3.582464646464646307e+01
6.476565656565656859e+00 2.316686868686868550e+01 3.509010101010100868e+01
3.923232323232323182e+00 2.875131313131313249e+01 3.108909090909090978e+01
4.889696969696969653e+00 2.718121212121211983e+01 3.030060606060606077e+01
4.053131313131313362e+00 2.339878787878787847e+01 2.750202020202020137e+01
3.476363636363636545e+00 2.174303030303030226e+01 2.997090909090909250e+01
4.675353535353535150e+00 2.366464646464646293e+01 3.774202020202019980e+01
2.569696969696969813e+00 2.481272727272727252e+01 3.882808080808080575e+01
5.031111111111111533e+00 2.154828282828282937e+01 2.673050505050505166e+01
6.499393939393939057e+00 2.791353535353535520e+01 3.646060606060606091e+01
2.989898989898990056e+00 2.811313131313131208e+01 3.465777777777778113e+01
2.656969696969696759e+00 2.320949494949494962e+01 4.234020202020202106e+01
3.326666666666666661e+00 3.136727272727272720e+01 3.090666666666666629e+01
8.551717171717172050e+00 2.420262626262626426e+01 3.416303030303030397e+01
2.035353535353535470e+00 2.621252525252525345e+01 3.780444444444444230e+01
2.099393939393939590e+00 2.915858585858585883e+01 4.101656565656565334e+01
3.322828282828282909e+00 2.316101010101010260e+01 3.149494949494949481e+01
9.065050505050505691e+00 2.644666666666666544e+01 3.189010101010100939e+01
2.132525252525252668e+01 2.565313131313131478e+01 2.589979797979798093e+01
4.930101010101010317e+00 2.936787878787878725e+01 3.536484848484848698e+01
3.567474747474747687e+00 2.572505050505050406e+01 3.247494949494949168e+01
4.144646464646464246e+00 3.161353535353535449e+01 3.997797979797979906e+01
3.107878787878787907e+00 2.979717171717171809e+01 3.352161616161615854e+01
3.491717171717171553e+00 2.925070707070707243e+01 3.194747474747474669e+01
3.724242424242424132e+00 2.820363636363636317e+01 3.955151515151515440e+01
1.016161616161616088e+01 2.925959595959595916e+01 3.511515151515151700e+01
2.250303030303030472e+00 2.452505050505050477e+01 4.393595959595959499e+01
2.366666666666666696e+00 2.678949494949494792e+01 3.204747474747474456e+01
5.632929292929293119e+00 2.294303030303030155e+01 2.386101010101010189e+01
7.214343434343434502e+00 2.249212121212121218e+01 2.970080808080808055e+01
4.293131313131312687e+00 1.886949494949494976e+01 2.723474747474747559e+01
2.088080808080808204e+00 1.936565656565656468e+01 2.751171717171717290e+01
