1.509898989898989896e+01 2.378808080808080661e+01 3.016161616161616266e+01
2.696161616161616337e+01 2.718282828282828234e+01 2.857696969696969802e+01
8.101818181818181586e+00 3.172181818181818258e+01 2.990363636363636246e+01
1.114969696969697033e+01 3.039515151515151459e+01 3.276767676767676818e+01
1.020929292929292842e+01 2.195474747474747446e+01 2.739555555555555699e+01
6.838585858585858546e+00 2.995797979797979949e+01 3.067232323232323310e+01
8.282626262626262559e+00 2.547696969696969660e+01 2.721535353535353607e+01
1.285979797979798001e+01 2.617777777777777715e+01 3.608626262626262360e+01
1.242747474747474712e+01 3.077313131313131223e+01 3.842424242424242209e+01
1.286545454545454525e+01 2.434727272727272762e+01 2.973656565656565576e+01
9.925656565656565178e+00 3.197494949494949523e+01 2.722181818181818258e+01
1.208222222222222264e+01 2.257595959595959556e+01 2.718525252525252611e+01
1.259212121212121183e+01 2.764747474747474598e+01 3.588848484848485043e+01
1.558141414141414138e+01 3.617191919191919425e+01 3.556444444444444741e+01
1.116747474747474733e+01 2.334202020202020122e+01 3.609696969696969404e+01
9.358383838383838693e+00 3.107454545454545425e+01 4.312949494949494778e+01
7.405252525252524975e+00 2.706909090909091020e+01 3.274343434343434467e+01
9.312929292929293723e+00 2.304323232323232418e+01 2.657595959595959556e+01
1.083070707070707073e+01 3.987696969696969518e+01 3.947959595959596157e+01
1.014060606060606062e+01 2.338808080808080803e+01 2.536949494949494976e+01
9.569898989898989683e+00 2.061232323232323083e+01 3.209030303030303344e+01
1.205333333333333279e+01 3.132020202020202149e+01 2.690080808080807984e+01
4.318383838383838658e+00 2.680727272727272847e+01 3.069252525252525388e+01
5.994141414141414437e+00 3.128000000000000114e+01 2.657131313131313277e+01
8.574343434343434822e+00 3.178343434343434382e+01 3.803636363636363882e+01
6.638181818181817739e+00 2.879010101010101152e+01 2.635939393939393938e+01
9.127272727272726982e+00 2.733393939393939220e+01 3.160323232323232290e+01
5.280808080808080618e+00 2.868040404040404212e+01 4.722969696969696685e+01
9.284848484848485128e+00 2.766787878787878796e+01 2.818828282828282994e+01
9.346060606060605735e+00 2.501717171717171695e+01 3.185272727272727167e+01
6.225454545454545574e+00 2.708585858585858475e+01 3.460444444444444656e+01
6.699797979797979863e+00 3.687191919191918998e+01 4.071676767676767383e+01
1.058424242424242401e+01 2.782949494949495062e+01 4.271575757575757848e+01
9.346060606060605735e+00 2.592242424242424192e+01 3.487575757575757507e+01
9.970909090909090722e+00 3.507131313131313277e+01 3.027454545454545354e+01
9.051313131313131422e+00 2.635292929292929287e+01 3.146000000000000085e+01
8.727272727272726627e+00 2.309797979797979650e+01 2.768222222222222229e+01
1.175171717171717134e+01 2.530969696969696869e+01 3.378888888888889142e+01
8.181818181818181657e+00 2.350929292929292913e+01 3.009515151515151388e+01
1.345858585858585776e+01 2.105191919191919325e+01 2.126707070707070812e+01
7.607070707070707094e+00 3.053717171717171652e+01 3.585535353535353664e+01
1.918040404040404212e+01 2.601616161616161449e+01 3.006040404040404113e+01
7.263636363636363669e+00 2.126949494949494834e+01 2.452444444444444471e+01
5.913535353535353423e+00 2.763535353535353423e+01 3.040707070707070869e+01
6.354747474747474811e+00 2.694444444444444287e+01 3.107050505050505151e+01
1.038949494949494934e+01 2.643636363636363740e+01 3.346161616161616337e+01
7.217777777777778070e+00 2.951676767676767810e+01 5.633777777777778084e+01
9.033535353535354417e+00 2.132505050505050548e+01 2.770323232323232432e+01
1.448949494949494898e+01 2.864888888888888729e+01 3.694606060606060538e+01
1.323717171717171759e+01 2.600464646464646634e+01 3.401535353535353323e+01
1.657111111111111157e+01 3.546080808080807856e+01 3.640646464646464864e+01
9.259595959595959158e+00 2.863191919191919155e+01 3.095676767676767582e+01
6.119595959595959478e+00 2.991595959595959542e+01 3.262868686868687007e+01
7.396969696969696528e+00 3.244262626262626270e+01 3.341090909090909378e+01
1.269818181818181735e+01 1.928888888888888786e+01 2.587717171717171638e+01
1.341333333333333400e+01 2.494707070707070784e+01 3.090565656565656738e+01
7.080202020202020385e+00 2.457939393939393824e+01 3.680949494949494749e+01
8.186464646464646222e+00 2.979131313131313163e+01 3.408969696969696628e+01
1.156747474747474769e+01 3.511979797979797979e+01 4.902202020202020094e+01
5.542424242424242031e+00 2.679656565656565803e+01 3.776060606060605807e+01
6.906666666666666288e+00 2.289050505050505180e+01 2.553131313131313007e+01
7.554747474747474989e+00 3.044020202020201893e+01 2.866161616161616266e+01
7.521616161616161200e+00 3.026969696969696955e+01 3.423494949494949680e+01
1.778404040404040387e+01 2.867474747474747332e+01 3.655171717171717205e+01
7.112727272727272343e+00 2.530484848484848470e+01 2.862606060606060510e+01
7.254949494949494593e+00 2.668343434343434240e+01 3.430606060606060481e+01
1.189252525252525317e+01 3.069232323232323267e+01 3.306020202020201992e+01
6.845050505050505052e+00 2.654222222222222172e+01 3.179636363636363683e+01
1.164909090909090850e+01 2.427878787878787747e+01 3.060444444444444301e+01
3.897939393939393682e+01 2.344303030303030155e+01 2.608222222222222086e+01
6.305454545454545645e+00 3.001373737373737427e+01 3.657353535353535534e+01
2.825050505050505123e+01 2.553454545454545510e+01 3.093555555555555614e+01
1.907636363636363797e+01 2.745757575757575708e+01 3.099070707070707087e+01
1.329212121212121289e+01 3.256303030303030255e+01 4.328969696969696912e+01
8.101818181818181586e+00 2.728141414141414245e+01 2.917656565656565704e+01
8.947676767676767895e+00 2.891717171717171553e+01 3.251939393939393597e+01
5.178787878787878718e+00 2.275939393939393796e+01 2.146888888888888758e+01
1.631272727272727252e+01 2.643313131313131237e+01 3.416242424242424391e+01
8.071919191919191050e+00 2.406444444444444386e+01 2.801696969696969575e+01
2.038545454545454660e+01 2.926848484848484944e+01 3.134202020202020122e+01
1.935494949494949424e+01 2.901474747474747318e+01 3.408545454545454589e+01
9.644444444444443931e+00 2.489131313131313306e+01 2.607999999999999829e+01
6.352323232323231927e+00 1.904484848484848314e+01 3.291212121212121389e+01
1.504060606060606098e+01 2.325313131313131265e+01 2.563777777777777800e+01
5.381818181818181834e+00 2.626505050505050676e+01 2.801373737373737427e+01
9.815555555555555145e+00 2.312161616161615996e+01 3.088969696969697054e+01
1.690747474747474755e+01 2.450505050505050519e+01 3.029010101010101152e+01
6.091111111111111143e+00 3.014282828282828319e+01 4.157717171717171567e+01
1.307535353535353551e+01 2.159252525252525245e+01 2.879111111111111043e+01
7.896363636363636473e+00 2.801373737373737427e+01 3.635878787878787932e+01
1.242262626262626313e+01 3.148181818181818059e+01 3.330181818181818443e+01
7.073737373737373879e+00 2.514080808080808183e+01 3.697050505050505365e+01
1.789898989898989967e+01 2.740848484848485000e+01 3.748101010101009933e+01
1.292767676767676832e+01 2.825212121212121374e+01 3.166606060606060780e+01
8.289898989898990322e+00 2.896161616161616337e+01 3.208868686868687092e+01
6.465252525252525473e+00 3.481353535353535023e+01 4.357818181818181813e+01
1.435939393939393938e+01 2.333818181818181969e+01 2.924343434343434467e+01
5.233737373737374021e+00 2.205979797979798107e+01 2.771636363636363498e+01
1.083212121212121204e+01 2.815979797979797894e+01 3.343434343434343248e+01
8.712525252525251673e+00 2.551333333333333186e+01 3.224646464646464494e+01
