1.944484197972570172e+01 3.421693500298151491e+01 4.508252832438878954e+01 6.026618962432915794e+01
1.787775790101371598e+01 3.019976147883124540e+01 3.958067978533095044e+01 4.698723911747167392e+01
2.963732856290995699e+01 3.323458556946928866e+01 4.166440071556350944e+01 6.231282051282051526e+01
2.879666070363744623e+01 3.152104949314251670e+01 3.962850327966607011e+01 6.475086463923673818e+01
2.770005963029218776e+01 2.878151460942158479e+01 3.685831842576028805e+01 6.427906976744185386e+01
2.162003577817531408e+01 3.204782349433511968e+01 4.325307096004770102e+01 6.104054859868813310e+01
3.815289206917113773e+01 2.974084675014907475e+01 3.816004770423374737e+01 7.412057245080501389e+01
3.025259391771019679e+01 3.261538461538461320e+01 4.033691115086463697e+01 6.759642218246870016e+01
2.946416219439475270e+01 3.350805008944544028e+01 4.165736434108526964e+01 7.985593321407274914e+01
1.973858079904591634e+01 3.349266547406082140e+01 3.929171138938581009e+01 4.753249850924269282e+01
3.350757304710793250e+01 2.687239117471675698e+01 3.626857483601669685e+01 6.634227787716159241e+01
2.075480023852117029e+01 3.021407274895646822e+01 3.730196779964222031e+01 4.356684555754323185e+01
2.710840787119856898e+01 3.460143112701252477e+01 4.229994036970781224e+01 6.216016696481812431e+01
1.564710793082886120e+01 2.933011329755515817e+01 3.957543231961836483e+01 4.592772808586762068e+01
5.395778175313058966e+01 2.975277280858676221e+01 3.919713774597495615e+01 1.004385211687537236e+02
1.311067382230172917e+01 3.618473464519976091e+01 4.029159212880143315e+01 4.366034585569469328e+01
1.169946332737030481e+01 3.109171138938580725e+01 4.084925462134764729e+01 4.642003577817531124e+01
2.004782349433512323e+01 4.392188431723315745e+01 5.278902802623732526e+01 7.878592725104353178e+01
2.629361955873583767e+01 2.433166368515205846e+01 3.651293977340488794e+01 5.788205128205127892e+01
2.828193202146690410e+01 2.595539654144305430e+01 3.766917113893858016e+01 6.309457364341085395e+01
3.385426356589147190e+01 3.109838998211091265e+01 4.018509242695289174e+01 7.351079308288611003e+01
1.348801431127012584e+01 3.935277280858676363e+01 4.479427549194991087e+01 5.374788312462730744e+01
2.611150864639236602e+01 2.212009540846750255e+01 3.458270721526535141e+01 4.002957662492546120e+01
2.406296958855098467e+01 3.266595110316040262e+01 4.016088252832438599e+01 5.821252236135956792e+01
1.612641621943947356e+01 2.546225402504472157e+01 3.683196183661299727e+01 3.343410852713178372e+01
2.742898032200357861e+01 3.703291592128801568e+01 4.270864639236732074e+01 7.466678592725104124e+01
1.443255813953488342e+01 2.773381037567084206e+01 3.849171138938580583e+01 3.666034585569469328e+01
3.208300536672629732e+01 2.332558139534883779e+01 3.670518783542039642e+01 5.387823494335122376e+01
2.440560524746571147e+01 3.098867024448419727e+01 4.064066785927251146e+01 6.060691711389385716e+01
2.098175313059034153e+01 2.600274299344066620e+01 3.646320810971973714e+01 4.273166368515205704e+01
4.364603458556946691e+01 3.898831246273106643e+01 4.757161598091830967e+01 8.616398330351819368e+01
2.418568872987477647e+01 3.037710196779964278e+01 3.925927251043530219e+01 4.407692307692308020e+01
4.438223017292784789e+01 2.444376863446630921e+01 3.915241502683362995e+01 7.110459153249850317e+01
3.025891472868217136e+01 3.166416219439475199e+01 4.222075134168157717e+01 5.232546213476445729e+01
2.474478234943351396e+01 2.880715563506261034e+01 3.815575432319618443e+01 5.392641621943947428e+01
2.668205128205128318e+01 2.699833035181872276e+01 3.611544424567680522e+01 4.894740608228980250e+01
2.895360763267740012e+01 2.973643410852713131e+01 3.699618366129993774e+01 5.400214669051878502e+01
2.713178294573643257e+01 2.888884913536076482e+01 3.964364937388193511e+01 6.467322599880739631e+01
1.848062015503876054e+01 2.892081097197376138e+01 3.880465116279069804e+01 3.324806201550387641e+01
1.442969588550983850e+01 3.587227191413237648e+01 4.201848539057841236e+01 4.691329755515801736e+01
2.384066785927251075e+01 2.504436493738819181e+01 3.922206320810971647e+01 5.606738223017292455e+01
1.633118664281455068e+01 3.417066189624328842e+01 4.059022063208109898e+01 3.811377459749552798e+01
2.221395348837209127e+01 4.008360166964818205e+01 4.415742397137746167e+01 6.746249254621348257e+01
2.603553965414430493e+01 2.590638044126416162e+01 3.927107930828861271e+01 5.408956469886702223e+01
2.981419200954084658e+01 2.960345855694692929e+01 4.115599284436493832e+01 7.233357185450208249e+01
1.041490757304710790e+01 3.294991055456171836e+01 4.270876565295169769e+01 4.548407871198568841e+01
3.895778175313058966e+01 3.208169350029815092e+01 4.123709004174120452e+01 9.382754919499105029e+01
1.748169350029815305e+01 3.718127608825282948e+01 4.442945736434108284e+01 4.953047107930829185e+01
2.285605247465712608e+01 3.958986285032796815e+01 4.602313655336911324e+01 7.314740608228980534e+01
1.922731067382230208e+01 3.109946332737030517e+01 3.998008348240906429e+01 4.145497912939773499e+01
2.083685152057245205e+01 2.950995825879546786e+01 3.695026833631484919e+01 4.330971973762671468e+01
1.640131186642814498e+01 2.645068574836016850e+01 3.924639236732259917e+01 3.845676803816338918e+01
2.152999403697078051e+01 2.927227191413237861e+01 3.847549194991055543e+01 4.933011329755515817e+01
6.174263565891472894e+01 3.009612403100775069e+01 3.784341085271317695e+01 1.095327370304114538e+02
2.426774001192605823e+01 3.364257602862254259e+01 4.222886106141920237e+01 7.681526535480023199e+01
1.677483601669648294e+01 3.136410256410256281e+01 3.970912343470482853e+01 4.744054859868813168e+01
2.052760882528324515e+01 3.500882528324388687e+01 4.114454382826475864e+01 6.320345855694692716e+01
1.641943947525343006e+01 2.843995229576625050e+01 3.598246869409660320e+01 5.119570661896243280e+01
2.266905187835420321e+01 2.796088252832439025e+01 3.600584376863446323e+01 3.417674418604651265e+01
2.571794871794871895e+01 3.017590936195587403e+01 3.994669051878354082e+01 6.058867024448419869e+01
2.462015503875969102e+01 4.038211091234347094e+01 4.699737626714370720e+01 5.305235539654144361e+01
1.485044722719141319e+01 2.541311866428145549e+01 3.634680977936791635e+01 3.185259391771019821e+01
3.410471079308288722e+01 3.251484794275491907e+01 4.279511031604054949e+01 8.026964818127608225e+01
3.502075134168157433e+01 2.888205128205128247e+01 4.069850924269528747e+01 8.161013714967202759e+01
3.082599880739415710e+01 3.333536076326773667e+01 4.049469290399522947e+01 7.388777579010137231e+01
3.034001192605843755e+01 4.114215861657721973e+01 4.511305903398926631e+01 8.029194991055456398e+01
2.433023255813953512e+01 3.025593321407274772e+01 4.118735837805605371e+01 5.771747167561120762e+01
1.932593917710196862e+01 4.188574836016696423e+01 4.886642814549791325e+01 4.725581395348837077e+01
1.651806797853309305e+01 2.893214072748956411e+01 3.609254621347644587e+01 4.193536076326773809e+01
4.666380441264162471e+01 3.120477042337507356e+01 4.368992248062015449e+01 1.036341085271317866e+02
1.916958855098389947e+01 3.754466308884913417e+01 4.567692307692307452e+01 6.743911747167561543e+01
2.346249254621347546e+01 3.133130590339892763e+01 3.799833035181872276e+01 4.926273106738223362e+01
3.471818723911746929e+01 2.954514013118664195e+01 3.927966607036374569e+01 6.749958258795467714e+01
2.687811568276684682e+01 2.731508646392367368e+01 3.587644603458556958e+01 5.181443053070960048e+01
2.186392367322599739e+01 2.914967203339296375e+01 3.907358378056052572e+01 4.689862850327966726e+01
1.516529516994633298e+01 2.789898628503279809e+01 3.784949314251640118e+01 4.592820512820512846e+01
1.612081097197376423e+01 3.251663685152057326e+01 3.933273703041145097e+01 4.897948717948717956e+01
1.802325581395348664e+01 3.212128801431126846e+01 3.928884913536076340e+01 5.018008348240906713e+01
1.366547406082289839e+01 2.705641025641025621e+01 3.769827072152653358e+01 3.697328562909958549e+01
3.925116279069767700e+01 3.325939177101967914e+01 3.972236135957066239e+01 6.961204531902205872e+01
1.591425163983303470e+01 3.566129994036970885e+01 4.156660703637447796e+01 4.619022063208110040e+01
4.431687537268932431e+01 3.250244484197972383e+01 3.772498509242695519e+01 8.872939773404890218e+01
2.987286821705426476e+01 2.650459153249850885e+01 3.681729278473464717e+01 5.862194394752534521e+01
1.836183661299940439e+01 3.585736434108527249e+01 4.424388789505068331e+01 5.994180083482409316e+01
2.669397734048896709e+01 2.702409063804412526e+01 3.742695289206917408e+01 5.072486583184257825e+01
2.400155038759690029e+01 2.676446034585569578e+01 3.619940369707811811e+01 4.857877161598091931e+01
2.241872391174716839e+01 2.663577817531306025e+01 3.796827668455575377e+01 4.547883124627310991e+01
3.571007751937984409e+01 2.614871794871794819e+01 3.639606440071556648e+01 5.958926654740608342e+01
2.149457364341085253e+01 3.163852116875372644e+01 4.241395348837209411e+01 4.979141323792486418e+01
1.937042337507453738e+01 2.612677400119260440e+01 3.817912939773405157e+01 4.707358378056052572e+01
2.547227191413237790e+01 2.950041741204531931e+01 3.522814549791294070e+01 4.460727489564698800e+01
3.275480023852117029e+01 2.654514013118664195e+01 3.627000596302922020e+01 4.785068574836016353e+01
2.400620155038759762e+01 3.022170542635658919e+01 4.220679785330948164e+01 5.002707215265354534e+01
1.612939773404889721e+01 3.018056052474657136e+01 3.602528324388789827e+01 3.806571258199165442e+01
2.148694096601073511e+01 2.889028026237328461e+01 3.875205724508050054e+01 4.318008348240906713e+01
1.641132975551580131e+01 3.527871198568873012e+01 4.275217650566487748e+01 5.648574836016696565e+01
2.570363744782349258e+01 2.861741204531902127e+01 3.662886106141920095e+01 5.912224209898628402e+01
5.477781753130590658e+01 2.869326177698270897e+01 4.165819916517590826e+01 1.076394752534287420e+02
2.257376267143709114e+01 3.137316636851520713e+01 3.762051282051282186e+01 4.891079308288610861e+01
1.842098986285032680e+01 4.022623732856290957e+01 4.268157423971377540e+01 5.573822301729278195e+01
